12/14/2017,16810,16810,16810,16810,0,0
12/15/2017,17900,17900,17900,17900,0,0
12/18/2017,20650,20650,18345,19100,1054,0
12/19/2017,19135,19725,17180,18200,559,215
12/20/2017,17745,18350,16435,17040,784,231
12/21/2017,16400,17270,15080,15330,879,306
12/22/2017,15595,15825,12265,14135,2369,407
12/26/2017,13900,16100,13700,15785,406,489
12/27/2017,15655,16545,14460,14690,507,491
12/28/2017,15150,15280,13360,13745,746,493
12/29/2017,13965,15005,13835,14470,1078,566
01/02/2018,13955,15245,13080,14855,734,498
01/03/2018,14900,15450,14650,14975,719,596
01/04/2018,14925,15470,14205,14900,760,611
01/05/2018,15085,16845,14870,16590,814,642
01/08/2018,16425,16455,13870,14905,958,671
01/09/2018,14675,15365,14185,14750,863,643
01/10/2018,14405,14720,13480,14450,887,665
01/11/2018,14500,14910,12820,13385,1298,691
01/12/2018,13000,14080,12850,13945,787,727
01/16/2018,13600,14280,11160,11160,2552,748
01/17/2018,11190,11800,9225,10945,2657,730
01/18/2018,11125,12075,10645,11815,1708,698
01/19/2018,11335,12030,10990,11360,979,618
01/22/2018,11300,11830,9955,10355,1137,560
01/23/2018,10625,11350,9865,11095,1241,509
01/24/2018,10790,11455,10435,11115,838,410
01/25/2018,11090,11710,10830,11245,769,283
01/26/2018,11355,11570,10345,10925.37,141,139
01/29/2018,11510,11775,10970,11170,463,85
01/30/2018,11120,11245,9720,9940,1137,872
01/31/2018,10000,10275,9500,10000,842,909
02/01/2018,10020,10175,8480,9090,1485,887
02/02/2018,8890,9075,7750,8585,2535,935
02/05/2018,8305,8315,6870,7260,2186,1082
02/06/2018,6850,7920,5970,7550,2234,1278
02/07/2018,7620,8540,7235,8245,1379,1317
02/08/2018,7790,8690,7645,8325,906,1402
02/09/2018,8165,8770,7715,8610,764,1364
02/12/2018,8380,8920,8075,8860,679,1277
02/13/2018,8925,9000,8335,8700,550,1170
02/14/2018,8505,9390,8505,9290,944,1128
02/15/2018,9400,10180,9375,10090,1783,1165
02/16/2018,10090,10265,9675,10020,1101,942
02/20/2018,10350,11760,10315,11735,2080,877
02/21/2018,11240,11340,10220,10370,1326,597
02/22/2018,10505,10900,9710,10085,1168,462
02/23/2018,9975,10360,9590,10319.43,299,247
02/26/2018,9680,10390,9270,10250,745,168
02/27/2018,10285,10875,10100,10660,761,1441
02/28/2018,10665,11005,10330,10645,1130,1469
03/01/2018,10450,11100,10220,11065,1345,1391
03/02/2018,11035,11215,10760,11060,748,1353
03/05/2018,11350,11700,11340,11615,990,1332
03/06/2018,11595,11655,10570,10650,1580,1482
03/07/2018,10735,10880,9385,9790,1888,1449
03/08/2018,9970,10100,9105,9400,2524,1460
03/09/2018,9350,9445,8390,9015,2742,1434
03/12/2018,9490,9940,8735,8910,2732,1436
03/13/2018,9165,9515,8825,9070,3375,1395
03/14/2018,8905,9395,8185,8275,2638,1372
03/15/2018,8005,8450,7700,8235,3093,1273
03/16/2018,8340,8640,7885,8555,3065,1253
03/19/2018,8275,8720,8100,8400,2746,1280
03/20/2018,8420,9025,8320,8945,2050,1251
03/21/2018,8990,9185,8775,8890,1829,1174
03/22/2018,8905,9095,8500,8630,2123,1135
03/23/2018,8650,8770,8270,8615,2895,1041
03/26/2018,8650,8650,7840,7910,2433,1016
03/27/2018,7880,8270,7760,7895,3738,742
03/28/2018,8010,8100,7735,7875,3252,494
03/29/2018,7885,7995,7345,7389.91,1097,378
04/02/2018,6785,7095,6785,6990,41,238
04/03/2018,7080,7475,7080,7460,41,44
04/04/2018,7400,7415,6740,6865,44,47
04/05/2018,6790,6925,6550,6760,4565,53
04/06/2018,6760,6890,6485,6630,2415,1520
04/09/2018,7025,7225,6605,6675,3348,1503
04/10/2018,6705,6880,6640,6840,1882,1527
04/11/2018,6860,6970,6785,6920,1746,1492
04/12/2018,6920,8105,6660,7680,4825,1582
04/13/2018,7790,8235,7760,8105,3045,1680
04/16/2018,8005,8445,7880,7980,3858,1744
04/17/2018,8015,8180,7805,7885,2676,1682
04/18/2018,7870,8240,7860,8125,2826,1581
04/19/2018,8190,8315,8100,8260,2718,1576
04/20/2018,8300,8585,8235,8540,2318,1514
04/23/2018,8910,9015,8775,8845,2952,1512
04/24/2018,8965,9465,8920,9455,4681,1137
04/25/2018,9480,9765,8755,8970,10346,944
04/26/2018,9170,9185,8635,8865,4924,608
04/27/2018,9135,9420,8940,9080,2190,366
04/30/2018,9375,9495,9140,9365,2999,1590
05/01/2018,9285,9315,8815,8985,3143,1728
05/02/2018,9070,9210,8985,9150,2093,1660
05/03/2018,9245,9805,9180,9675,4177,1713
05/04/2018,9710,9840,9540,9670,3762,1951
05/07/2018,9605,9705,9160,9435,4705,2063
05/08/2018,9410,9490,9010,9235,4435,2047
05/09/2018,9185,9375,8955,9280,3015,1998
05/10/2018,9255,9415,9040,9090,3063,1966
05/11/2018,9110,9125,8380,8625,4980,2028
05/14/2018,8660,8900,8285,8755,5754,2064
05/15/2018,8735,8850,8435,8555,4222,2008
05/16/2018,8475,8545,8115,8250,4978,1884
05/17/2018,8290,8460,8115,8180,2872,1855
05/18/2018,8225,8275,7915,8230,3390,1701
05/21/2018,8525,8680,8320,8375,2701,1611
05/22/2018,8345,8420,8070,8180,2341,1246
05/23/2018,8050,8075,7425,7590,4586,995
05/24/2018,7620,7720,7230,7580,4427,818
05/25/2018,7525,7675,7330,7440,2069,485
05/29/2018,7365,7580,7050,7495,5052,2009
05/30/2018,7505,7620,7270,7320,2471,2220
05/31/2018,7335,7660,7335,7545,2102,2216
06/01/2018,7550,7620,7300,7440,2197,2332
06/04/2018,7715,7900,7460,7500,1625,2230
06/05/2018,7515,7670,7360,7625,2069,2292
06/06/2018,7605,7695,7485,7540,1450,2367
06/07/2018,7695,7780,7640,7705,1437,2345
06/08/2018,7670,7705,7540,7655,1301,2462
06/11/2018,7120,7120,6610,6750,3861,2435
06/12/2018,6770,6890,6425,6500,3875,2360
06/13/2018,6470,6620,6100,6270,5146,2313
06/14/2018,6275,6705,6250,6635,4461,2438
06/15/2018,6670,6670,6440,6530,2485,2312
06/18/2018,6495,6785,6340,6695,2794,2348
06/19/2018,6710,6840,6650,6735,1563,2261
06/20/2018,6705,6815,6545,6745,2108,2142
06/21/2018,6705,6780,6670,6710,1135,2126
06/22/2018,6705,6735,5960,6165,3832,2038
06/25/2018,6150,6345,6065,6245,4762,1950
06/26/2018,6255,6275,6120,6160,3173,1420
06/27/2018,6210,6210,5975,6160,3229,1064
06/28/2018,6140,6180,6025,6085,1962,734
06/29/2018,5895,5930,5755,5865,2512,465
07/02/2018,6275,6680,6260,6625,3977,1997
07/03/2018,6645,6660,6530,6580,1627,1956
07/05/2018,6595,6795,6400,6505,6739,2075
07/06/2018,6490,6640,6430,6565,2038,2209
07/09/2018,6745,6760,6645,6695,1765,2253
07/10/2018,6695,6785,6295,6355,3084,2172
07/11/2018,6355,6380,6245,6330,2719,2093
07/12/2018,6355,6365,6110,6160,3076,2001
07/13/2018,6160,6340,6060,6165,3558,2031
07/16/2018,6370,6710,6320,6675,3171,2080
07/17/2018,6665,7470,6655,7305,5582,2171
07/18/2018,7385,7595,7240,7395,6956,2109
07/19/2018,7325,7510,7275,7450,4580,2133
07/20/2018,7435,7700,7270,7340,6978,2170
07/23/2018,7380,7820,7335,7735,8545,2142
07/24/2018,7740,8365,7680,8260,11464,2028
07/25/2018,8255,8490,8025,8145,11553,1440
07/26/2018,8260,8310,8115,8275,6288,956
07/27/2018,7980,8260,7775,8200,9284,573
07/30/2018,8140,8265,7845,8100,8136,2193
07/31/2018,8120,8200,7640,7730,9415,2314
08/01/2018,7695,7760,7440,7545,9125,2341
08/02/2018,7460,7700,7430,7525,5552,2316
08/03/2018,7525,7560,7270,7370,5700,2075
08/06/2018,7080,7140,6870,6920,5117,2148
08/07/2018,6845,7155,6825,6990,5037,2157
08/08/2018,6765,6785,6105,6330,8099,1998
08/09/2018,6300,6545,6170,6460,6827,2057
08/10/2018,6555,6605,6105,6390,6444,2022
08/13/2018,6405,6555,6135,6230,7804,2025
08/14/2018,6240,6280,5850,6075,6904,2046
08/15/2018,6105,6600,6075,6375,6993,2132
08/16/2018,6400,6475,6185,6405,4378,2117
08/17/2018,6265,6545,6245,6480,4288,2074
08/20/2018,6490,6515,6360,6430,2381,2133
08/21/2018,6395,6470,6205,6425,3319,2075
08/22/2018,6440,6870,6250,6405,5379,2051
08/23/2018,6350,6465,6225,6405,3554,1905
08/24/2018,6460,6640,6450,6615,2656,1889
08/27/2018,6655,6760,6650,6730,2398,1736
08/28/2018,6720,7125,6715,7090,5220,1439
08/29/2018,7100,7120,6890,7000,3899,1069
08/30/2018,7045,7055,6795,6815,4779,536
08/31/2018,6950,7090,6865,7045,4632,291
09/04/2018,7260,7410,7190,7350,5305,2284
09/05/2018,7355,7395,6840,6900,4585,2230
09/06/2018,6925,6925,6215,6430,5796,2181
09/07/2018,6410,6505,6280,6390,2475,2101
09/10/2018,6340,6350,6175,6265,1936,2218
09/11/2018,6260,6385,6120,6230,1857,2312
09/12/2018,6270,6335,6175,6290,1581,2277
09/13/2018,6295,6525,6295,6435,2350,2328
09/14/2018,6450,6575,6330,6525,2085,2421
09/17/2018,6470,6525,6165,6230,2337,2354
09/18/2018,6210,6370,6180,6275,1108,2283
09/19/2018,6305,6535,6035,6375,3037,2197
09/20/2018,6365,6435,6310,6400,1373,2180
09/21/2018,6470,6775,6455,6740,3627,2098
09/24/2018,6665,6720,6555,6610,2081,2035
09/25/2018,6605,6605,6315,6355,3388,1482
09/26/2018,6385,6535,6365,6485,3381,1263
09/27/2018,6460,6745,6415,6655,3087,908
09/28/2018,6700,6805,6520,6670,4965,571
10/01/2018,6560,6625,6455,6540,1477,1975
10/02/2018,6550,6585,6435,6510,1131,2033
10/03/2018,6510,6520,6345,6425,1356,2029
10/04/2018,6415,6610,6405,6555,1697,2090
10/05/2018,6530,6580,6500,6530,928,2172
10/08/2018,6530,6675,6515,6630,1783,2221
10/09/2018,6620,6620,6535,6580,1004,2438
10/10/2018,6580,6590,6450,6540,1700,2480
10/11/2018,6515,6535,6030,6180,4268,2520
10/12/2018,6180,6225,6095,6185,1808,2263
10/15/2018,6165,6770,6110,6390,6704,2390
10/16/2018,6390,6495,6380,6420,1604,2328
10/17/2018,6445,6480,6400,6420,1189,2248
10/18/2018,6430,6480,6330,6390,2759,2172
10/19/2018,6375,6405,6340,6380,1108,2158
10/22/2018,6415,6445,6360,6395,1752,2141
10/23/2018,6400,6425,6350,6395,1492,1894
10/24/2018,6395,6490,6380,6425,2799,1736
10/25/2018,6420,6420,6315,6405,2486,1370
10/26/2018,6395,6460,6370,6390,2434,662
10/29/2018,6390,6440,6185,6240,3904,1924
10/30/2018,6245,6290,6230,6245,1992,2011
10/31/2018,6255,6340,6170,6295,3161,2180
11/01/2018,6295,6335,6290,6315,1174,2056
11/02/2018,6335,6375,6320,6345,1647,2097
11/05/2018,6400,6450,6365,6390,2336,2055
11/06/2018,6395,6475,6385,6415,3048,2105
11/07/2018,6430,6545,6430,6510,4263,2406
11/08/2018,6510,6525,6370,6410,4418,2839
11/09/2018,6400,6415,6240,6335,2878,2787
11/12/2018,6290,6395,6290,6325,1997,2771
11/13/2018,6315,6325,6225,6285,2534,2818
11/14/2018,6290,6290,5230,5365,8940,2923
11/15/2018,5510,5590,5155,5425,8633,2966
11/16/2018,5435,5550,5385,5450,3416,2826
11/19/2018,5500,5515,4560,4835,11321,2988
11/20/2018,4740,4870,4015,4240,12827,2866
11/21/2018,4230,4620,4165,4390,6540,2564
11/23/2018,4435,4565,4085,4190,5146,2351
11/26/2018,3965,4055,3515,3605,8901,2300
11/27/2018,3635,3790,3550,3720,6129,1670
11/28/2018,3790,4365,3750,4300,6789,1511
11/29/2018,4195,4400,4075,4180,5112,1275
11/30/2018,4205,4265,3835,3930,5068,716
12/03/2018,4090,4130,3690,3800,3383,2692
12/04/2018,3905,4015,3690,3840,3059,2977
12/05/2018,3950,3950,3590,3705,2734,2956
12/06/2018,3670,3960,3360,3600,5768,2963
12/07/2018,3575,3595,3135,3300,6081,3293
12/10/2018,3495,3580,3330,3375,1918,3652
12/11/2018,3380,3405,3265,3320,1989,3562
12/12/2018,3345,3470,3305,3420,2665,3539
12/13/2018,3395,3420,3190,3215,3796,3483
12/14/2018,3235,3265,3120,3145,3046,3615
12/17/2018,3180,3570,3165,3530,4114,3673
12/18/2018,3475,3560,3425,3495,3415,3680
12/19/2018,3550,3890,3550,3695,4997,3419
12/20/2018,3675,4150,3635,3875,4834,3218
12/21/2018,4040,4135,3605,3775,5616,3057
12/24/2018,3950,4265,3925,4070,2415,2289
12/26/2018,3775,3850,3610,3760,2751,1979
12/27/2018,3800,3840,3535,3565,3404,1319
12/28/2018,3550,3985,3535,3870,4180,863
12/31/2018,3800,3810,3600,3650,1961,2776
01/02/2019,3720,3855,3685,3830,3227,2659
01/03/2019,3850,3870,3710,3760,3620,2874
01/04/2019,3755,3875,3690,3745,3919,3013
01/07/2019,3990,4070,3945,3985,2757,3016
01/08/2019,3980,4095,3925,3985,4171,3111
01/09/2019,3990,4030,3950,3990,3683,3127
01/10/2019,3995,4020,3525,3605,5744,3132
01/11/2019,3600,3685,3560,3635,4216,3610
01/14/2019,3490,3700,3400,3650,4387,3447
01/15/2019,3650,3665,3490,3535,3786,2965
01/16/2019,3550,3645,3545,3560,4110,3149
01/17/2019,3570,3645,3515,3605,3564,3174
01/18/2019,3615,3630,3540,3585,2669,3165
01/22/2019,3525,3620,3390,3580,6725,3048
01/23/2019,3575,3615,3510,3535,5040,2732
01/24/2019,3545,3590,3520,3565,2786,1601
01/25/2019,3525,3535,3465,3505,3678,953
01/28/2019,3485,3515,3325,3380,4345,2946
01/29/2019,3385,3395,3300,3370,2453,3321
01/30/2019,3360,3435,3345,3410,3311,3367
01/31/2019,3420,3455,3365,3395,4066,3218
02/01/2019,3385,3440,3345,3425,4692,3250
02/04/2019,3380,3415,3375,3395,2947,3233
02/05/2019,3390,3415,3380,3400,1566,3186
02/06/2019,3405,3420,3310,3340,3783,3162
02/07/2019,3345,3370,3335,3340,1731,3339
02/08/2019,3350,3730,3325,3615,9872,3293
02/11/2019,3610,3650,3580,3605,5075,2956
02/12/2019,3595,3625,3550,3605,3944,2378
02/13/2019,3575,3630,3555,3570,2811,2400
02/14/2019,3575,3595,3530,3565,2122,2271
02/15/2019,3565,3620,3545,3565,2597,2214
02/19/2019,3600,3970,3595,3935,15944,2198
02/20/2019,3910,3965,3870,3935,5226,1625
02/21/2019,3920,3985,3855,3895,5427,1002
02/22/2019,3895,3970,3885,3930,4000,384
02/25/2019,3770,3845,3705,3820,5866,2884
02/26/2019,3805,3820,3745,3775,3067,2847
02/27/2019,3780,3815,3620,3710,4843,2675
02/28/2019,3765,3875,3745,3790,6752,2636
03/01/2019,3785,3830,3780,3820,1825,2515
03/04/2019,3780,3795,3660,3690,4577,2420
03/05/2019,3675,3865,3655,3835,4969,2368
03/06/2019,3835,3900,3810,3840,4104,2436
03/07/2019,3855,3890,3830,3870,4092,2370
03/08/2019,3905,3920,3845,3890,3781,2571
03/11/2019,3885,3915,3810,3835,3539,2551
03/12/2019,3845,3880,3790,3845,2961,2429
03/13/2019,3855,3870,3820,3845,2105,2455
03/14/2019,3840,3905,3775,3845,4463,2496
03/15/2019,3850,3910,3845,3900,2938,2362
03/18/2019,3965,4025,3935,3960,2756,2369
03/19/2019,3970,4015,3950,3995,2332,2343
03/20/2019,3990,4020,3965,4010,2560,2324
03/21/2019,4015,4060,3900,3965,3769,2290
03/22/2019,3970,3995,3955,3980,1704,2186
03/25/2019,3965,3970,3845,3895,2410,2021
03/26/2019,3885,3915,3880,3905,1996,1744
03/27/2019,3905,4035,3905,4005,4108,1317
03/28/2019,4010,4035,3995,4010,1888,699
03/29/2019,4005,4105,4000,4075,4797,445
04/01/2019,4090,4145,4040,4125,1897,2410
04/02/2019,4135,5095,4130,4775,10442,2550
04/03/2019,4810,5325,4810,5150,16115,2269
04/04/2019,5210,5275,4780,4840,21775,2605
04/05/2019,4935,5070,4890,5020,9560,2431
04/08/2019,5165,5370,5130,5210,16170,2589
04/09/2019,5290,5320,5150,5220,8967,2807
04/10/2019,5220,5480,5160,5415,7838,2736
04/11/2019,5300,5355,4965,5075,11268,2843
04/12/2019,5030,5125,4900,5065,7931,2706
04/15/2019,5110,5200,4945,5010,10075,2714
04/16/2019,5030,5235,5025,5200,6800,2529
04/17/2019,5215,5285,5185,5235,6698,2517
04/18/2019,5230,5325,5205,5295,6451,2496
04/22/2019,5275,5450,5255,5395,9800,2500
04/23/2019,5400,5665,5375,5590,10603,2283
04/24/2019,5580,5625,5370,5435,11087,1819
04/25/2019,5440,5510,5380,5490,3535,1231
04/26/2019,5400,5400,4930,5080,8655,649
04/29/2019,5095,5185,5070,5140,3421,2269
04/30/2019,5140,5285,5090,5230,4094,2434
05/01/2019,5250,5350,5250,5300,3557,2495
05/02/2019,5285,5415,5280,5390,4551,2447
05/03/2019,5390,5800,5355,5670,13229,2568
05/06/2019,5735,5795,5565,5745,7075,2692
05/07/2019,5700,5985,5685,5845,10086,2652
05/08/2019,5885,5915,5640,5900,7023,2750
05/09/2019,5905,6120,5850,6065,6973,2740
05/10/2019,6125,6430,6110,6365,9795,2888
05/13/2019,7150,8030,6870,7950,31433,2691
05/14/2019,8145,8385,7630,7780,26372,2982
05/15/2019,7815,8300,7815,8225,13408,2654
05/16/2019,8185,8445,7725,7875,19966,2740
05/17/2019,7940,7990,6320,7180,15465,2788
05/20/2019,8075,8380,7620,7850,15195,2739
05/21/2019,8065,8140,7840,8050,7778,2805
05/22/2019,8030,8075,7710,7950,10834,2798
05/23/2019,7685,7895,7485,7810,10992,2710
05/24/2019,7845,8230,7815,8085,12003,2716
05/28/2019,8660,9035,8550,8705,18551,2717
05/29/2019,8730,8775,8420,8690,11721,2197
05/30/2019,8660,9125,8345,8620,11446,1312
05/31/2019,8320,8615,8145,8535,8559,544
06/03/2019,8730,8865,8385,8640,4641,3557
06/04/2019,8560,8565,7515,7625,11780,3531
06/05/2019,7525,7970,7435,7835,2851,3394
06/06/2019,7745,7915,7460,7610,4391,3381
06/07/2019,7765,8175,7740,8010,2925,3139
06/10/2019,7675,8115,7515,8010,3256,3319
06/11/2019,7980,8085,7720,7920,2537,3171
06/12/2019,7930,8340,7830,8195,3930,3084
06/13/2019,8180,8330,8070,8285,2079,3240
06/14/2019,8365,8515,8215,8440,2084,3278
06/17/2019,9065,9495,9055,9380,6926,3174
06/18/2019,9365,9575,8985,9115,6733,3495
06/19/2019,9020,9255,8985,9210,2222,3263
06/20/2019,9320,9705,9260,9625,5347,3259
06/21/2019,9615,10060,9560,9980,6905,3516
06/24/2019,10925,11160,10615,10945,9902,3572
06/25/2019,11035,11525,11010,11380,10348,3096
06/26/2019,11520,13915,11520,13885,21334,2366
06/27/2019,12500,13340,10285,10855,23272,1740
06/28/2019,10820,12670,10820,12590,9323,537
07/01/2019,11505,11505,10150,10375,9774,4177
07/02/2019,10685,11120,9805,10990,6869,4222
07/03/2019,10890,11765,10855,11370,6772,4268
07/05/2019,11485,12230,10910,11285,8761,4102
07/08/2019,11630,12525,11500,12445,3934,4072
07/09/2019,12530,13115,12330,12760,6427,4287
07/10/2019,12825,13480,11760,12270,10622,4406
07/11/2019,12130,12385,11045,11730,9616,4150
07/12/2019,11405,12005,11195,11730,3357,4068
07/15/2019,10945,11040,9915,10910,7597,4003
07/16/2019,10840,11155,9460,9730,8513,3972
07/17/2019,9695,10025,9095,9795,8039,3853
07/18/2019,9825,10825,9345,10550,8514,3861
07/19/2019,10635,10845,10130,10460,4699,3820
07/22/2019,10630,10720,10070,10145,5223,3565
07/23/2019,10290,10370,9860,10150,3685,3153
07/24/2019,10155,10155,9485,9640,5616,2563
07/25/2019,9780,10215,9735,9865,3895,1748
07/26/2019,9965,10055,9740,10020,2604,1073
07/29/2019,9575,9850,9195,9530,3073,2536
07/30/2019,9565,9930,9470,9735,2380,2535
07/31/2019,9725,10295,9685,10115,2198,2766
08/01/2019,10160,10665,10015,10450,1880,2978
08/02/2019,10595,10870,10490,10600,2699,3116
08/05/2019,11070,12130,11070,11910,4071,3042
08/06/2019,11925,12505,11700,11830,3814,3136
08/07/2019,11600,12330,11325,11885,5017,3025
08/08/2019,12075,12205,11600,11690,2431,3093
08/09/2019,11855,12235,11795,11945,3517,3025
08/12/2019,11675,11695,11340,11560,1834,3184
08/13/2019,11505,11570,10800,10945,4145,3212
08/14/2019,10930,10955,10070,10160,6021,3065
08/15/2019,10240,10440,9500,10130,7407,2974
08/16/2019,10400,10590,9765,10515,5247,2790
08/19/2019,10445,10890,10305,10745,2653,2742
08/20/2019,10765,11015,10590,10775,2558,2765
08/21/2019,10815,10890,9850,10115,5034,2772
08/22/2019,10040,10255,9765,10185,3956,2542
08/23/2019,10205,10535,10050,10460,3319,2479
08/26/2019,10030,10730,9970,10330,4193,2576
08/27/2019,10305,10410,10030,10165,3663,2294
08/28/2019,10150,10320,9470,9645,5694,1736
08/29/2019,9695,9730,9305,9505,4154,1053
08/30/2019,9590,9780,9420,9650,2856,392
09/03/2019,9795,10925,9795,10800,7222,3115
09/04/2019,10840,10965,10470,10835,3701,3763
09/05/2019,10790,10810,10530,10625,3606,3682
09/06/2019,10635,11130,10230,10460,6764,3482
09/09/2019,10490,10620,10115,10370,3966,3613
09/10/2019,10360,10455,9945,10060,3400,3477
09/11/2019,10145,10345,9900,10125,3528,3294
09/12/2019,10160,10470,10085,10410,3099,3197
09/13/2019,10480,10560,10205,10265,2876,3513
09/16/2019,10335,10430,10105,10135,2313,3310
09/17/2019,10305,10405,10185,10305,1583,3232
09/18/2019,10250,10310,10120,10205,1581,3182
09/19/2019,10315,10450,9605,10155,4344,3269
09/20/2019,10155,10355,10095,10180,2400,3015
09/23/2019,10125,10125,9690,9805,4645,3014
09/24/2019,9770,9780,7995,8380,10527,2390
09/25/2019,8670,8785,8205,8350,5824,1913
09/26/2019,8515,8670,7710,8145,5369,1173
09/27/2019,8130,8180,7910,8035,3497,426
09/30/2019,8090,8415,7710,8335,4976,2012
10/01/2019,8360,8560,8235,8325,3539,2142
10/02/2019,8330,8400,8185,8270,1861,2142
10/03/2019,8285,8435,8075,8160,2581,2147
10/04/2019,8165,8310,8020,8225,1994,2289
10/07/2019,7900,8350,7745,8255,5782,2180
10/08/2019,8260,8365,8095,8170,2275,2144
10/09/2019,8185,8780,8125,8645,4716,2126
10/10/2019,8605,8670,8445,8595,2716,2560
10/11/2019,8595,8850,8285,8355,4134,2457
10/14/2019,8255,8435,8220,8355,1774,2205
10/15/2019,8340,8435,8085,8170,2752,2184
10/16/2019,8150,8195,7900,7950,3685,2206
10/17/2019,7975,8150,7935,8060,2582,2472
10/18/2019,8065,8130,7805,7960,3314,1963
10/21/2019,8255,8380,8160,8205,3642,1850
10/22/2019,8230,8330,8065,8165,2446,1567
10/23/2019,8080,8110,7245,7475,5767,1326
10/24/2019,7420,7515,7355,7490,3210,1442
10/25/2019,7445,8885,7395,8715,8600,471
10/28/2019,9700,10050,9330,9530,6474,1711
10/29/2019,9585,9655,9155,9315,3035,1707
10/30/2019,9540,9565,9060,9270,3553,1835
10/31/2019,9225,9510,9000,9305,2086,1964
11/01/2019,9230,9360,9120,9235,2641,1966
11/04/2019,9270,9790,9170,9565,3453,1912
11/05/2019,9480,9580,8360,9420,2875,2294
11/06/2019,9405,9515,9325,9360,1366,2084
11/07/2019,9425,9460,9125,9220,3323,2026
11/08/2019,9260,9305,8680,8845,5487,2001
11/11/2019,9100,9135,8585,8750,3623,1801
11/12/2019,8735,8915,8555,8835,3545,1698
11/13/2019,8815,8880,8730,8785,2121,1666
11/14/2019,8805,8830,8590,8675,2337,1684
11/15/2019,8680,8820,8355,8505,4095,1742
11/18/2019,8550,8565,8005,8205,4004,1561
11/19/2019,8200,8215,8005,8110,3007,1648
11/20/2019,8145,8275,8045,8110,3885,1556
11/21/2019,8110,8140,7360,7580,5630,1543
11/22/2019,7620,7735,6775,7330,9941,1506
11/25/2019,7050,7375,6510,7165,10022,1377
11/26/2019,7205,7345,7015,7115,5897,1332
11/27/2019,7150,7700,6835,7570,8583,1186
11/29/2019,7540,7930,7365,7800,4898,852
12/02/2019,7465,7555,7195,7335,4334,2414
12/03/2019,7370,7445,7260,7340,1711,2558
12/04/2019,7335,7965,7085,7220,8673,2536
12/05/2019,7255,7525,7180,7420,4442,2563
12/06/2019,7435,7655,7335,7460,3514,2460
12/09/2019,7570,7705,7290,7320,3527,2495
12/10/2019,7345,7410,7165,7215,3362,2606
12/11/2019,7250,7290,7130,7175,2979,2699
12/12/2019,7210,7370,7070,7265,4522,2639
12/13/2019,7215,7335,7200,7265,3653,2562
12/16/2019,7120,7145,6790,6860,7720,2496
12/17/2019,6880,6940,6560,6580,5979,2521
12/18/2019,6575,7235,6420,7135,11821,2833
12/19/2019,7280,7440,7055,7165,4596,2113
12/20/2019,7160,7235,7085,7230,2478,2049
12/23/2019,7420,7715,7290,7410,7852,1977
12/24/2019,7330,7430,7215,7235,3521,1681
12/26/2019,7220,7445,7170,7250,4302,1405
12/27/2019,7245,7315,7080,7265,4441,763
12/30/2019,7445,7480,7245,7285,3115,1985
12/31/2019,7295,7350,7160,7210,2953,2140
01/02/2020,7225,7225,6900,6940,4754,2214
01/03/2020,6960,7500,6860,7385,8657,2643
01/06/2020,7435,7685,7385,7615,6104,2655
01/07/2020,7725,8300,7725,8280,11526,2996
01/08/2020,8165,8595,7915,8110,16332,3885
01/09/2020,8120,8170,7800,7885,10399,3578
01/10/2020,7855,8220,7700,8135,13111,3400
01/13/2020,8235,8300,8100,8200,3206,3622
01/14/2020,8165,8955,8150,8750,13502,3407
01/15/2020,8810,8995,8635,8880,7019,3684
01/16/2020,8925,8955,8615,8790,5818,3471
01/17/2020,8765,9085,8720,8925,6895,3420
01/21/2020,8720,8825,8515,8750,7456,3344
01/22/2020,8775,8865,8600,8680,4717,3156
01/23/2020,8665,8705,8290,8370,13847,3003
01/24/2020,8410,8540,8235,8495,9837,2405
01/27/2020,8595,9020,8575,8995,13131,2257
01/28/2020,8935,9215,8895,9060,15878,2563
01/29/2020,9040,9480,9040,9390,12121,2095
01/30/2020,9335,9570,9160,9555,15041,1993
01/31/2020,9715,9745,9335,9440,9428,893
02/03/2020,9495,9790,9270,9410,8918,2632
02/04/2020,9355,9440,9130,9255,8189,2665
02/05/2020,9245,9945,9225,9830,14307,2858
02/06/2020,9800,10010,9685,9895,12014,3619
02/07/2020,9805,10030,9740,9845,8523,3650
02/10/2020,10200,10360,9510,9935,6779,3538
02/11/2020,9930,10570,9790,10405,15832,3485
02/12/2020,10325,10620,10315,10525,13010,4123
02/13/2020,10505,10670,10160,10305,16242,3945
02/14/2020,10305,10635,10210,10495,8771,3910
02/18/2020,9980,10365,9505,10250,20878,4180
02/19/2020,10280,10545,9245,10225,9019,4062
02/20/2020,9735,9735,9405,9615,3918,4023
02/21/2020,9650,9830,9600,9740,2125,3698
02/24/2020,9935,10075,9480,9600,7379,3665
02/25/2020,9640,9695,9240,9320,4061,2475
02/26/2020,9385,9395,8595,8780,7637,1888
02/27/2020,8780,8980,8520,8890,3897,1285
02/28/2020,8855,8965,8480,8700,3889,555
03/02/2020,8645,9030,8540,8975,2157,3902
03/03/2020,8990,8995,8740,8770,2956,3939
03/04/2020,8830,8910,8700,8760,1842,3848
03/05/2020,8805,9250,8795,9195,3734,3788
03/06/2020,9140,9250,9060,9165,1827,3769
03/09/2020,8265,8280,7640,7850,9510,3731
03/10/2020,7835,8175,7755,7995,5067,3676
03/11/2020,7990,8025,7610,7855,3910,3545
03/12/2020,7840,8000,5595,6010,16034,3078
03/13/2020,5775,5935,4210,5330,15531,3225
03/16/2020,5850,5850,4390,4930,14879,3375
03/17/2020,4975,5525,4835,5380,6875,3098
03/18/2020,5440,5475,4990,5340,8746,2878
03/19/2020,5380,6410,5275,6240,8961,2635
03/20/2020,6275,6950,5665,6210,6787,2399
03/23/2020,6060,6650,5685,6300,8329,1791
03/24/2020,6450,6885,6395,6725,7837,1538
03/25/2020,6740,6995,6465,6630,5175,1399
03/26/2020,6600,6805,6520,6675,3497,1062
03/27/2020,6760,6915,6615,6680,2372,531
03/30/2020,6045,6535,5835,6380,4341,2428
03/31/2020,6505,6660,6340,6475,2305,2509
04/01/2020,6455,6465,6155,6210,2656,2576
04/02/2020,6400,7345,6380,6865,9591,2906
04/03/2020,6890,7100,6625,6800,3943,3555
04/06/2020,6820,7375,6785,7330,10939,3419
04/07/2020,7350,7515,7105,7330,7749,3564
04/08/2020,7195,7475,7160,7335,3066,3609
04/09/2020,7335,7415,7090,7290,2793,3132
04/13/2020,7160,7160,6555,6810,5395,3058
04/14/2020,6855,7010,6785,6950,2232,3148
04/15/2020,6895,6950,6685,6740,2144,3339
04/16/2020,6735,7205,6465,7105,6364,3293
04/17/2020,7105,7235,7010,7080,1863,3640
04/20/2020,7200,7255,6765,6795,4302,3600
04/21/2020,6875,6960,6780,6890,2879,3445
04/22/2020,6920,7195,6830,7115,3504,3067
04/23/2020,7115,7805,7045,7540,8039,2705
04/24/2020,7690,7710,7465,7595,2367,1262
04/27/2020,7665,7905,7645,7780,2872,3594
04/28/2020,7845,7875,7735,7780,1762,3784
04/29/2020,7800,9065,7780,8825,9729,3953
04/30/2020,8940,9560,8480,8930,10524,4496
05/01/2020,8850,9145,8655,8840,5117,4304
05/04/2020,8965,9060,8600,8935,3992,5231
05/05/2020,9055,9225,8835,8985,4675,5064
05/06/2020,9035,9515,8980,9340,6330,5085
05/07/2020,9370,10115,9105,10010,12108,5777
05/08/2020,10010,10220,9820,10030,6747,6493
05/11/2020,8820,9275,8220,8795,19225,6261
05/12/2020,8680,9050,8560,8870,6912,5656
05/13/2020,8845,9430,8830,9270,5001,6322
05/14/2020,9400,10070,9355,9725,8874,6872
05/15/2020,9855,9930,9170,9395,7857,6984
05/18/2020,9795,10035,9515,9745,7691,6675
05/19/2020,9745,9955,9505,9680,6700,6689
05/20/2020,9755,9895,9330,9570,6276,6672
05/21/2020,9585,9610,8815,9075,8797,6366
05/22/2020,9185,9285,8945,9175,4564,5239
05/26/2020,9050,9065,8630,8785,8287,4694
05/27/2020,8850,9265,8810,9170,5653,3475
05/28/2020,9095,9555,9055,9450,6137,2553
05/29/2020,9535,9720,9400,9470,3862,656
06/01/2020,9530,9775,9465,9650,3656,6997
06/02/2020,9745,10565,9335,9580,14048,7234
06/03/2020,9580,9730,9465,9655,3179,7117
06/04/2020,9665,9985,9535,9895,4328,7201
06/05/2020,9865,9950,9675,9800,4508,7472
06/08/2020,9810,9900,9720,9780,3757,7617
06/09/2020,9630,9985,9620,9805,4291,7699
06/10/2020,9905,10130,9720,9935,7010,7599
06/11/2020,9945,10060,9090,9300,10869,8027
06/12/2020,9380,9610,9265,9465,3848,6882
06/15/2020,9370,9525,8930,9440,5850,6664
06/16/2020,9475,9630,9415,9530,3436,6322
06/17/2020,9540,9600,9255,9325,3206,6334
06/18/2020,9425,9515,9320,9410,2135,5843
06/19/2020,9385,9465,9245,9315,3473,5853
06/22/2020,9350,9700,9280,9585,5062,5821
06/23/2020,9725,9755,9600,9660,3811,5708
06/24/2020,9665,9685,9180,9285,8255,4605
06/25/2020,9245,9315,8985,9280,5012,2188
06/26/2020,9440,9440,9070,9220,4195,1135
06/29/2020,9175,9240,9050,9200,2742,4958
06/30/2020,9255,9295,9100,9185,2856,5032
07/01/2020,9200,9390,9140,9325,4789,5081
07/02/2020,9280,9335,8950,9060,6562,5473
07/06/2020,9165,9435,9060,9355,6890,5209
07/07/2020,9350,9455,9250,9290,2975,5321
07/08/2020,9310,9570,9285,9510,5163,5166
07/09/2020,9505,9545,9190,9255,5931,5836
07/10/2020,9275,9285,9145,9275,2296,5136
07/13/2020,9290,9410,9240,9270,2844,4906
07/14/2020,9275,9320,9135,9310,2869,5061
07/15/2020,9295,9320,9165,9190,2330,5054
07/16/2020,9240,9265,9040,9145,3344,5010
07/17/2020,9130,9220,9095,9195,1674,4768
07/20/2020,9200,9280,9155,9190,2432,4627
07/21/2020,9205,9480,9175,9395,5408,4590
07/22/2020,9415,9435,9295,9425,3117,5367
07/23/2020,9425,9735,9425,9650,6653,5396
07/24/2020,9665,9665,9505,9615,3110,5718
07/27/2020,9925,11055,9925,10895,16157,5363
07/28/2020,11080,11540,10635,11035,15293,5641
07/29/2020,11060,11350,10890,11240,9081,4707
07/30/2020,11350,11405,10835,11145,7340,3508
07/31/2020,11330,11775,11205,11610,9686,1786
08/03/2020,11350,11720,11180,11620,5333,10075
08/04/2020,11560,11600,11125,11370,6915,10112
08/05/2020,11385,11975,11190,11850,11366,9594
08/06/2020,11930,12085,11705,12040,4902,10430
08/07/2020,11990,12085,11395,11575,10007,10475
08/10/2020,11800,12220,11645,12015,9860,9380
08/11/2020,12005,12090,11190,11435,10291,10051
08/12/2020,11340,11745,11220,11665,6069,8852
08/13/2020,11600,11760,11340,11590,5062,9256
08/14/2020,11765,12000,11740,11935,9980,8964
08/17/2020,11950,12635,11905,12485,8883,9673
08/18/2020,12470,12555,11850,12035,10621,10186
08/19/2020,12100,12150,11580,11690,10164,8995
08/20/2020,11740,11950,11710,11895,4860,7643
08/21/2020,12125,12125,11600,11695,9663,7659
08/24/2020,11695,11865,11595,11770,7416,6845
08/25/2020,11765,11810,11115,11310,12762,6121
08/26/2020,11300,11570,11260,11480,6639,5461
08/27/2020,11495,11610,11125,11270,9007,3821
08/28/2020,11420,11700,11370,11630,7683,2217
08/31/2020,11735,11915,11705,11835,4865,8016
09/01/2020,11755,12200,11625,12075,8919,8289
09/02/2020,12135,12175,11165,11460,17210,8739
09/03/2020,11440,11530,10460,10720,15412,7528
09/04/2020,10780,10785,9905,10620,15598,6589
09/08/2020,10425,10475,9890,10015,14549,6348
09/09/2020,10060,10385,9850,10320,5218,5968
09/10/2020,10285,10565,10215,10315,7860,5947
09/11/2020,10370,10420,10215,10340,4794,7063
09/14/2020,10315,10805,10270,10705,6525,6472
09/15/2020,10750,10975,10645,10815,4052,7058
09/16/2020,10890,11150,10690,11015,7056,6775
09/17/2020,11045,11075,10755,10950,7179,6894
09/18/2020,10975,11075,10815,10880,4499,6430
09/21/2020,10885,11005,10265,10485,12875,6380
09/22/2020,10485,10525,10350,10495,4081,5586
09/23/2020,10545,10550,10140,10280,7721,4946
09/24/2020,10240,10750,10190,10670,8985,3022
09/25/2020,10730,10895,10605,10825,6120,1855
09/28/2020,10800,11080,10795,10960,4100,5263
09/29/2020,10970,10990,10680,10815,4764,5611
09/30/2020,10850,10940,10725,10770,5671,5270
10/01/2020,10835,11060,10430,10645,11708,5425
10/02/2020,10615,10705,10410,10550,5867,5040
10/05/2020,10700,10865,10670,10815,4462,4485
10/06/2020,10815,10890,10565,10630,4093,5254
10/07/2020,10600,10760,10595,10720,2260,5393
10/08/2020,10735,11065,10580,10955,5066,5466
10/09/2020,10950,11205,10910,11110,3369,6188
10/12/2020,11360,11700,11280,11630,6338,6374
10/13/2020,11760,11805,11355,11440,4170,7285
10/14/2020,11500,11630,11340,11410,3466,6843
10/15/2020,11440,11695,11315,11595,3418,6950
10/16/2020,11610,11610,11225,11360,5373,7108
10/19/2020,11505,11910,11470,11755,6876,6475
10/20/2020,11795,12110,11740,11970,4060,7922
10/21/2020,11995,13005,11960,12755,10223,8105
10/22/2020,12965,13285,12725,13155,7369,8699
10/23/2020,13220,13260,12775,12970,3793,8423
10/26/2020,13100,13300,12805,13045,6031,7929
10/27/2020,13050,13780,13025,13685,9034,7471
10/28/2020,13680,13870,12885,13175,10745,5414
10/29/2020,13200,13665,12995,13505,6884,3338
10/30/2020,13740,13895,13315,13735,5723,1637
11/02/2020,13955,14065,13370,13790,5042,8519
11/03/2020,13730,13950,13390,13845,3731,8390
11/04/2020,13925,14420,13635,14200,9531,8523
11/05/2020,14165,15505,14165,15260,7463,8597
11/06/2020,15685,16155,15350,15630,8143,8937
11/09/2020,15665,16005,14880,15450,12353,8722
11/10/2020,15435,15595,15130,15355,5971,7899
11/11/2020,15450,16090,15350,15805,6198,7736
11/12/2020,16000,16300,15520,16240,6412,7975
11/13/2020,16350,16585,16025,16270,4062,7781
11/16/2020,16035,16935,15915,16895,5400,7449
11/17/2020,16795,17930,16620,17730,9408,7625
11/18/2020,17675,18540,17235,17685,12925,7244
11/19/2020,17905,18260,17375,18095,6743,6241
11/20/2020,17910,18880,17740,18685,9812,6220
11/23/2020,18625,18850,18040,18410,12524,5869
11/24/2020,18455,19515,18075,19110,14152,5217
11/25/2020,19135,19605,18640,18915,12217,3899
11/27/2020,19090,19175,16520,16925,16490,2361
11/30/2020,18275,20260,18275,19730,12034,8590
12/01/2020,19800,20360,18300,19275,13563,8761
12/02/2020,19155,19585,18560,19295,7994,8719
12/03/2020,19340,19880,19070,19565,7203,8610
12/04/2020,19680,19750,18830,19100,7567,8544
12/07/2020,19205,19615,19020,19170,5213,8417
12/08/2020,19215,19475,18695,18825,7325,8557
12/09/2020,18685,18685,17705,18420,6752,8330
12/10/2020,18630,18750,17940,18440,6953,7708
12/11/2020,18415,18460,17575,18020,6058,7216
12/14/2020,19155,19430,19080,19270,6124,6946
12/15/2020,19340,19675,19120,19560,5817,7143
12/16/2020,19505,21430,19340,20930,12919,7259
12/17/2020,21460,23915,21320,22870,16832,6685
12/18/2020,23050,23415,22435,22860,7105,6358
12/21/2020,23605,24210,21950,22880,12956,6184
12/22/2020,23260,23645,22430,23445,11075,5068
12/23/2020,23495,24175,22800,23510,6882,3002
12/24/2020,23550,23795,22960,23685,4309,1824
12/28/2020,26650,27900,26535,27110,17470,8271
12/29/2020,26955,27450,26080,27210,7633,7852
12/30/2020,27315,29370,27235,29155,13789,7752
12/31/2020,29075,29700,28230,29385,5529,8023
01/04/2021,33405,34170,28440,31550,14997,7775
01/05/2021,31655,34680,30250,34515,8153,8106
01/06/2021,34655,37035,33780,36565,19469,8236
01/07/2021,36445,41000,36445,39625,16834,8073
01/08/2021,40275,42730,37000,39520,15373,8034
01/11/2021,38925,39165,31105,33780,22205,7785
01/12/2021,34840,37050,32780,34500,14576,8549
01/13/2021,34055,37580,32610,36375,9785,8350
01/14/2021,37500,40365,36915,39605,10507,8241
01/15/2021,39205,39980,34555,35625,13823,7989
01/19/2021,36250,38155,34890,36595,14757,7868
01/20/2021,36700,36845,33435,35035,9615,7683
01/21/2021,35200,35740,30930,31920,13373,7058
01/22/2021,30825,33860,28900,33580,12891,6613
01/25/2021,32300,34930,32035,33440,8771,5541
01/26/2021,32665,32845,30800,31950,8494,5060
01/27/2021,32655,32925,29075,31475,13653,4332
01/28/2021,30640,33355,29860,32650,7271,3444
01/29/2021,33600,39100,32130,34855,18198,1654
02/01/2021,33315,35005,32530,34000,6290,6363
02/02/2021,33680,36370,33605,36170,5830,6057
02/03/2021,36015,37790,35740,37390,4813,6074
02/04/2021,37660,39200,36435,37915,6039,6472
02/05/2021,37700,38755,36895,38015,4767,6577
02/08/2021,39025,45500,38305,44755,14369,6825
02/09/2021,45210,48885,45175,47765,11114,7625
02/10/2021,47500,48060,43950,44915,9743,7394
02/11/2021,45615,49215,44345,47525,9072,7254
02/12/2021,48000,49500,46500,48040,7532,7539
02/16/2021,49415,51065,45950,48925,15414,7465
02/17/2021,49300,53210,49115,52785,9780,7274
02/18/2021,52680,53080,51250,52340,8340,7287
02/19/2021,52035,56575,50695,55530,11093,6989
02/22/2021,57450,57790,48320,53720,18519,6749
02/23/2021,54515,54515,44900,47660,18212,5715
02/24/2021,48450,51310,47010,49135,8076,4352
02/25/2021,48810,52040,48010,49120,7065,3521
02/26/2021,48320,48990,44555,46325,10550,2314
03/01/2021,45500,49985,45150,48870,7199,6809
03/02/2021,49425,50550,47245,47820,5993,6745
03/03/2021,48035,53000,47955,50900,6344,6554
03/04/2021,50970,52190,47425,48310,11795,6719
03/05/2021,48125,49745,46295,49555,8929,6570
03/08/2021,50580,52425,49500,52145,7528,6224
03/09/2021,51995,55265,51895,54720,5572,6507
03/10/2021,54530,57815,53430,56620,7098,6853
03/11/2021,56980,58390,54685,57955,7793,6864
03/12/2021,58365,58725,55380,57075,7966,6683
03/15/2021,58755,61255,54915,56900,10372,6750
03/16/2021,57005,57175,53475,55910,7097,6507
03/17/2021,56695,58490,54285,57980,7704,6269
03/18/2021,58500,60280,57090,57365,9656,6033
03/19/2021,57950,59575,56315,58975,6553,5625
03/22/2021,58195,58460,54105,55605,7201,5469
03/23/2021,54665,55895,52915,54985,8663,4703
03/24/2021,54580,57225,53135,54645,8667,3769
03/25/2021,53665,53665,50360,52195,11144,2431
03/26/2021,52545,54450,51435,54060,5439,1242
03/29/2021,55360,59000,55110,58210,7078,5999
03/30/2021,57940,60065,57585,59705,4634,6444
03/31/2021,59360,60540,57380,59285,6924,6527
04/01/2021,59580,60345,58595,59615,4326,7039
04/02/2021,60870,60870,59615,59615,0,7122
04/05/2021,58550,60100,57155,59840,5908,7161
04/06/2021,59415,60350,57750,58735,5272,6994
04/07/2021,58300,59080,55675,56310,11417,6809
04/08/2021,56310,58655,55910,58155,4605,6144
04/09/2021,58010,59405,58000,58760,3954,6030
04/12/2021,60000,61945,59915,60545,6628,6091
04/13/2021,60500,64450,60300,63685,7145,6448
04/14/2021,63885,65520,61565,62400,8430,6543
04/15/2021,62795,64030,62375,63840,4886,6214
04/16/2021,63765,64000,60165,61980,6621,6303
04/19/2021,57120,57750,54450,56045,10366,6091
04/20/2021,56335,57155,53430,56715,9193,5692
04/21/2021,56900,57160,54325,55610,5859,5384
04/22/2021,54825,55645,51365,52860,13161,5300
04/23/2021,51505,52150,47395,50845,10375,4860
04/26/2021,47440,54410,47440,54070,8341,4256
04/27/2021,53370,55420,52925,54790,5136,3589
04/28/2021,55265,56500,53905,55410,6400,2602
04/29/2021,54725,55205,52335,52900,5604,1541
04/30/2021,53500,57535,53175,57315,6071,1068
05/03/2021,56985,59305,56380,57765,5621,5949
05/04/2021,57390,57755,53220,54515,8065,5960
05/05/2021,54365,58110,52830,57295,6056,6228
05/06/2021,56950,58600,55255,56180,5933,5966
05/07/2021,56350,58845,55340,57760,4962,5902
05/10/2021,58200,59900,53595,55705,7951,5813
05/11/2021,55690,57075,54375,56805,5353,5897
05/12/2021,56735,58140,53355,54445,8665,5966
05/13/2021,54545,54605,46395,48365,14808,6161
05/14/2021,49215,51475,48370,50190,5432,6191
05/17/2021,45295,46620,42050,44060,11148,6020
05/18/2021,43500,45755,42280,43150,8310,6080
05/19/2021,42915,43530,30205,39340,26734,6442
05/20/2021,38925,42420,34950,40320,13391,6340
05/21/2021,40720,42370,35135,36085,12908,6364
05/24/2021,34280,39950,33720,39750,10870,6000
05/25/2021,38540,39885,36555,37330,8766,5548
05/26/2021,38055,40895,37875,38545,9284,4554
05/27/2021,39025,40435,37270,38845,6239,2893
05/28/2021,39040,39200,35150,35825,8101,1730
06/01/2021,35905,37985,34250,35990,8098,5697
06/02/2021,36205,38340,35940,38040,4028,5908
06/03/2021,37835,39560,37255,38715,4312,5822
06/04/2021,38840,39330,35590,36955,8154,5738
06/07/2021,36205,37015,34000,35645,6680,6106
06/08/2021,34130,34295,30915,32910,11212,5656
06/09/2021,33485,36945,32420,36375,8450,6054
06/10/2021,36610,38460,35815,36690,6676,5813
06/11/2021,36725,37700,35955,37325,3333,6006
06/14/2021,38900,41070,38705,39710,5935,5978
06/15/2021,40250,41335,39565,39995,4180,5669
06/16/2021,40025,40480,38270,38565,6334,5612
06/17/2021,38550,39535,37315,37665,5646,5805
06/18/2021,37695,38175,35100,35285,5719,5765
06/21/2021,35555,35790,31715,32560,9302,5938
06/22/2021,31700,33310,28800,32480,14889,5235
06/23/2021,32560,34835,31780,32900,7184,3544
06/24/2021,33220,35245,32330,34805,6210,2517
06/25/2021,34925,35635,31480,32200,6633,1270
06/28/2021,32775,35325,32750,34525,5519,5554
06/29/2021,34680,36650,34200,36430,4838,5667
06/30/2021,36215,36215,34020,34725,3880,5631
07/01/2021,34765,35185,32695,33030,4607,5616
07/02/2021,33460,33995,32620,33285,3489,5769
07/06/2021,35800,35955,33315,33975,6997,5682
07/07/2021,33800,35140,33675,34700,3868,5638
07/08/2021,34200,34300,32040,32960,5747,5480
07/09/2021,32680,33740,32295,33455,2662,5850
07/12/2021,34430,34830,32600,32760,3826,5575
07/13/2021,32830,33330,32150,32215,3084,5696
07/14/2021,32535,33195,31515,32740,3546,5746
07/15/2021,32930,33180,30970,31410,6733,5612
07/16/2021,31700,32205,30960,31925,4090,6651
07/19/2021,31760,31860,30280,30690,3945,6224
07/20/2021,30680,31015,29215,29715,4343,6447
07/21/2021,29625,32830,29435,31620,9993,6472
07/22/2021,31920,32590,31680,32415,3232,5964
07/23/2021,32180,32930,31980,32270,2498,5900
07/26/2021,34475,40580,34420,39480,17245,5708
07/27/2021,37090,38795,36425,37890,7578,4449
07/28/2021,38340,40940,38150,40370,10480,3748
07/29/2021,40165,40650,39290,39675,6100,2291
07/30/2021,39695,41950,38405,39955,4892,1078
08/02/2021,41185,41500,38715,39180,4781,4911
08/03/2021,39180,39830,37580,37965,5443,4717
08/04/2021,38265,39945,37465,39840,3669,4885
08/05/2021,39940,41480,37300,40755,6706,4952
08/06/2021,41095,43430,39910,42970,6634,5027
08/09/2021,44255,46520,42890,46045,7172,4935
08/10/2021,45760,46800,44650,45495,5332,5042
08/11/2021,45755,46835,45250,46455,3447,5020
08/12/2021,46315,46315,43780,44360,5190,5027
08/13/2021,44310,48005,43830,46505,3796,5394
08/16/2021,46905,48100,45670,46095,4125,5368
08/17/2021,46000,47205,44570,45520,4393,5448
08/18/2021,44795,46105,44155,44855,5149,5442
08/19/2021,44530,46895,43900,46700,6208,5225
08/20/2021,46545,49185,46370,48730,5402,5221
08/23/2021,48815,50585,48640,49280,5956,4654
08/24/2021,49520,49885,47735,48210,5776,4117
08/25/2021,48205,49135,47065,48705,6128,3686
08/26/2021,48950,49345,46230,46940,6139,2844
08/27/2021,47210,49250,46350,48455,5609,1604
08/30/2021,49070,49510,47460,48765,3419,5369
08/31/2021,48610,48610,46695,47390,4056,5273
09/01/2021,46940,49270,46530,48320,4280,5337
09/02/2021,48600,50570,48400,49375,4772,5513
09/03/2021,49900,51260,48445,50710,5123,5587
09/07/2021,51755,53125,43705,46780,13967,5573
09/08/2021,46590,47440,44500,46520,5680,5398
09/09/2021,46250,47465,45545,46645,4052,4995
09/10/2021,46545,47065,44750,45675,4853,4907
09/13/2021,45240,46945,43310,44815,7363,4839
09/14/2021,45215,47025,44705,46515,3802,4791
09/15/2021,46700,48510,46635,48190,3080,4983
09/16/2021,48270,48600,47050,47495,4538,5001
09/17/2021,47600,48225,46670,47490,3893,4852
09/20/2021,47415,47620,42365,43780,8330,4876
09/21/2021,43410,43870,40085,42030,8523,4659
09/22/2021,41330,44025,40145,43385,7828,3763
09/23/2021,43255,44970,43095,44785,5357,2359
09/24/2021,44850,45385,40810,42520,11471,1603
09/27/2021,43635,44580,42770,43150,5221,5348
09/28/2021,43215,43555,41145,41600,4666,5209
09/29/2021,41890,42735,40785,41155,3694,5144
09/30/2021,41240,44175,41040,43615,4869,5339
10/01/2021,43735,48705,43330,48390,9377,5343
10/04/2021,48070,50000,47180,49855,5865,5887
10/05/2021,49310,52165,49100,51630,8379,5909
10/06/2021,52165,55935,50855,55700,9662,5761
10/07/2021,55580,56325,53855,54470,5323,6295
10/08/2021,54925,56815,54155,55180,5045,6349
10/11/2021,55330,58355,54820,57990,5686,6308
10/12/2021,57700,58215,54370,55815,6691,6158
10/13/2021,56350,57950,54700,57750,6939,6353
10/14/2021,57700,59025,57190,58195,6318,6537
10/15/2021,58150,63525,57250,62075,11560,6351
10/18/2021,61120,63230,60100,61650,10019,6709
10/19/2021,61905,64780,61730,64660,15283,6474
10/20/2021,64490,67680,63830,66665,15201,7660
10/21/2021,66160,66960,62140,62910,15609,8182
10/22/2021,62890,63950,60210,61080,9876,7561
10/25/2021,61080,63865,60820,62725,7184,7452
10/26/2021,62855,63345,61810,61975,7404,7174
10/27/2021,61255,61450,57855,59065,12927,5825
10/28/2021,58790,62400,57855,61335,9715,3530
10/29/2021,61595,63575,60650,63010,6280,2212
11/01/2021,61995,62850,59700,61615,4979,9708
11/02/2021,61010,64665,60900,64015,5238,9452
11/03/2021,63580,63965,60945,63065,5495,9727
11/04/2021,63450,63475,60860,61360,5009,9508
11/05/2021,61435,62865,60905,61380,3526,9228
11/08/2021,62910,67035,62905,66485,6018,9191
11/09/2021,66715,69000,66480,67625,5457,9440
11/10/2021,67670,69355,63020,66075,7709,9437
11/11/2021,65210,65895,64340,65055,3912,9322
11/12/2021,65400,65720,62385,64235,6895,9221
11/15/2021,64625,66555,63415,63910,5438,9072
11/16/2021,63955,64025,58515,59730,9161,9135
11/17/2021,60700,60890,58475,60485,6300,8924
11/18/2021,59980,61035,56600,58015,9180,9155
11/19/2021,56450,58410,55600,57900,7337,8843
11/22/2021,59100,59645,55585,55815,11800,7895
11/23/2021,56575,57940,55375,57855,9700,6249
11/24/2021,57650,57765,55825,57415,10085,4256
11/26/2021,57395,59910,53600,54430,11406,2565
11/29/2021,56290,59285,56290,58470,5946,10440
11/30/2021,58530,59680,56145,57780,7792,10232
12/01/2021,57660,59545,56650,56990,6552,10185
12/02/2021,57305,57705,55990,57175,5835,9621
12/03/2021,57030,57945,51585,53545,11017,9625
12/06/2021,49265,50730,47215,48960,9344,9719
12/07/2021,50745,52195,50360,50600,4985,9472
12/08/2021,50600,51370,48645,50925,4851,9550
12/09/2021,50400,50940,47345,47675,5159,9263
12/10/2021,47940,50265,47325,48490,6028,9581
12/13/2021,50205,50480,45700,46595,6827,9517
12/14/2021,46950,48700,46295,47870,5871,9416
12/15/2021,48350,49605,46570,49350,8301,9354
12/16/2021,48940,49500,47595,48010,5529,9000
12/17/2021,47870,48010,45415,46250,4371,8830
12/20/2021,47280,47555,45515,47060,4303,8697
12/21/2021,46835,49390,46710,48685,3998,8394
12/22/2021,49280,49635,48500,49045,2811,8087
12/23/2021,49085,51470,48035,51060,4756,7918
12/27/2021,51040,52200,50520,51275,5511,7609
12/28/2021,51025,51045,47300,47755,7868,6077
12/29/2021,47585,48095,46550,47370,6913,4776
12/30/2021,47230,47970,45880,47170,6480,2928
12/31/2021,47220,48690,45695,45815,3717,1722
01/03/2022,47120,47660,45680,45865,4161,8258
01/04/2022,46205,47650,45485,46305,5049,8101
01/05/2022,46100,47100,43290,43830,8922,8021
01/06/2022,43405,43720,42375,43215,5222,8762
01/07/2022,43170,43240,40470,41870,9276,8632
01/10/2022,42205,42245,39470,41745,8665,8765
01/11/2022,41595,43155,41220,42805,6191,8728
01/12/2022,42695,44310,42455,43825,4068,8282
01/13/2022,43880,44450,42280,42675,4068,8228
01/14/2022,42620,43445,41680,43120,4186,8383
01/18/2022,43270,43315,41175,41665,6821,8352
01/19/2022,42430,42615,41080,41575,6542,8528
01/20/2022,41940,43545,41260,42675,7229,8443
01/21/2022,41125,41135,36150,38180,11765,8219
01/24/2022,35555,37600,32855,37220,16299,8728
01/25/2022,36490,37550,35725,36855,8969,7031
01/26/2022,36765,38895,36330,37060,10251,5407
01/27/2022,36555,37210,35485,35565,8331,3358
01/28/2022,36615,38015,36100,37790,5547,2095
01/31/2022,37845,38790,36620,38485,4094,7852
02/01/2022,38450,39275,38055,38585,4095,7851
02/02/2022,38685,38900,36515,37535,4396,8002
02/03/2022,36970,37100,36235,36265,4222,8462
02/04/2022,36930,40935,36895,40640,9585,8334
02/07/2022,41420,44615,41420,44235,7457,7954
02/08/2022,44110,45605,42780,44340,5873,7727
02/09/2022,44235,44900,43210,44855,4103,7511
02/10/2022,44640,45905,43270,44180,8449,7728
02/11/2022,43950,44145,42075,42390,6215,7741
02/14/2022,42470,42930,41560,42205,5402,7510
02/15/2022,42665,44620,42495,44215,4089,7420
02/16/2022,44210,44860,43350,44175,3894,7849
02/17/2022,44075,44275,40090,40900,6682,7569
02/18/2022,40675,41000,39485,39945,6447,7181
02/22/2022,38860,39460,36340,37915,12994,6438
02/23/2022,37890,39235,37365,37660,9503,5247
02/24/2022,37670,39740,34295,38360,14197,3161
02/25/2022,38055,39700,37865,39115,6105,1422
02/28/2022,37860,42055,37205,42000,9471,8181
03/01/2022,43100,45110,42930,44240,8747,7995
03/02/2022,44205,45455,43420,43925,6395,7934
03/03/2022,44205,44325,41870,42080,6109,7970
03/04/2022,42495,42640,39090,39545,5656,7629
03/07/2022,39060,39540,37180,37540,5831,7566
03/08/2022,38110,39410,37895,38505,5230,7461
03/09/2022,38540,42715,38540,41920,7469,7509
03/10/2022,42055,42245,38555,39630,5922,8204
03/11/2022,39530,40260,38240,38325,5471,7673
03/14/2022,38725,39340,37495,38830,4213,7613
03/15/2022,38725,39935,38085,39760,4604,7627
03/16/2022,39725,41765,38810,40920,8470,7793
03/17/2022,41200,41520,40570,40885,2547,7755
03/18/2022,41050,42360,40180,42095,5113,7817
03/21/2022,41445,41595,40555,41220,5712,8040
03/22/2022,41335,43490,40885,42390,10059,7046
03/23/2022,42880,42985,41815,42250,8001,4998
03/24/2022,42430,44340,42345,43965,11117,3538
03/25/2022,44200,45400,43805,44655,5701,1177
03/28/2022,46740,48475,46550,48190,6528,8794
03/29/2022,47970,48390,47235,47930,4677,9304
03/30/2022,47430,48000,46715,47240,4074,9378
03/31/2022,47220,47875,45620,45735,5480,9346
04/01/2022,45865,46910,44345,46550,5689,8992
04/04/2022,47225,47610,45205,46085,5287,8911
04/05/2022,46600,47445,45550,46140,7492,8652
04/06/2022,45995,46060,43130,43775,7113,8670
04/07/2022,43880,43885,42720,43380,4605,8823
04/08/2022,43565,44090,42445,42715,5079,8307
04/11/2022,42710,42805,39460,39955,5945,8133
04/12/2022,39410,40805,39190,39290,5562,8247
04/13/2022,39650,41590,39560,41120,5018,7803
04/14/2022,41240,41540,39565,39825,3012,7791
04/18/2022,40150,41125,38535,40700,5796,7726
04/19/2022,40825,41820,40585,41520,3695,7800
04/20/2022,41335,42295,40895,41235,3726,8144
04/21/2022,41550,43010,40610,41245,5772,8053
04/22/2022,40650,40815,39165,39455,4525,8282
04/25/2022,39595,40400,38190,40210,7333,7811
04/26/2022,40210,40765,37665,38220,10107,6700
04/27/2022,38210,39475,37665,38900,6779,4889
04/28/2022,39220,40440,38900,39920,8547,3066
04/29/2022,39875,39960,38130,38285,4913,813
05/02/2022,38350,39180,38005,38540,4364,7689
05/03/2022,38685,38810,37420,37635,4864,7899
05/04/2022,37725,40100,37535,39900,8011,8071
05/05/2022,39795,39860,35520,36270,10002,7561
05/06/2022,36405,36595,35180,35925,5712,7688
05/09/2022,34455,34455,30300,30930,12896,8161
05/10/2022,30960,32615,29700,31280,7243,8710
05/11/2022,30195,32140,28105,29195,19281,8704
05/12/2022,28860,30100,25350,28585,15142,9477
05/13/2022,28255,31000,28230,30035,6899,9494
05/16/2022,31000,31400,29020,29505,6177,9086
05/17/2022,30130,30745,29420,30000,7459,8997
05/18/2022,30560,30650,28650,29185,7228,9032
05/19/2022,29025,30510,28555,29945,8809,9597
05/20/2022,30235,30715,28635,29260,9098,8889
05/23/2022,30010,30680,28960,29015,11285,8788
05/24/2022,29235,29580,28570,29305,11237,7471
05/25/2022,29585,30225,29300,29535,9662,5498
05/26/2022,29750,29895,27995,29315,12168,3399
05/27/2022,28600,29640,28165,28815,8360,893
05/31/2022,29170,32455,29110,31650,14873,9603
06/01/2022,31700,32020,29265,30035,7625,9145
06/02/2022,29535,30435,29480,30290,6669,9531
06/03/2022,30355,30725,29165,29535,6245,9356
06/06/2022,29900,31805,29820,31490,9293,9462
06/07/2022,31500,31575,29130,31045,11270,9356
06/08/2022,31460,31580,29775,30080,7937,8850
06/09/2022,30320,30665,29880,29945,4174,8824
06/10/2022,30085,31025,28740,28920,7907,9014
06/13/2022,27355,27365,22490,23110,18646,9192
06/14/2022,23010,23290,20775,22125,16480,9286
06/15/2022,21460,22385,20025,21625,19873,9021
06/16/2022,22165,22945,20435,20790,9773,8728
06/17/2022,20645,21315,20145,20470,8367,8889
06/21/2022,20390,21715,19600,20860,18029,8447
06/22/2022,20920,20920,19760,20105,13382,6403
06/23/2022,19945,21090,19875,20900,10083,3634
06/24/2022,20675,21465,20675,21255,6987,1751
06/27/2022,21360,21530,20420,20800,5894,9194
