06/02/2017,1328.2,1328.2,1328.2,1328.2,0,575451
06/05/2017,1403.7,1407.1,1391.8,1392.8,93631,568290
06/06/2017,1393.1,1402.5,1383,1395.4,117815,566746
06/07/2017,1394.1,1401.3,1390.6,1394.8,127663,564755
06/08/2017,1394.6,1420.5,1393.2,1415,250900,550220
06/09/2017,1410.1,1435.2,1409,1422.4,247004,477721
06/12/2017,1421,1427.6,1415.1,1420.6,200625,368231
06/13/2017,1421.1,1429.1,1420.5,1427.4,154318,260672
06/14/2017,1428.3,1430,1410,1416.3,97299,164216
06/15/2017,1414.8,1415.3,1400.5,1411.2,41155,106449
06/16/2017,1413.5,1416.6,1397.2,1397.2,1527,82580
06/19/2017,1410,1421.4,1409.3,1416.8,102485,0
06/20/2017,1418.6,1419.5,1401.8,1404,103032,571642
06/21/2017,1403.6,1413.5,1396.1,1399.6,115499,571293
06/22/2017,1397.2,1409.3,1393.5,1404.5,95748,573250
06/23/2017,1406,1416,1400.3,1412.6,137485,585228
06/26/2017,1411.3,1419.9,1406.6,1414.4,115227,590108
06/27/2017,1415.2,1421,1402.2,1404.9,133728,584920
06/28/2017,1404.1,1431,1401,1426.8,149345,579718
06/29/2017,1431.3,1432.2,1401,1418,178860,583557
06/30/2017,1416.9,1421.4,1411.4,1414.3,138099,580108
07/03/2017,1411.1,1429.9,1411,1424.6,78828,577746
07/04/2017,1425,1426.9,1412.4,1424.6,15666,572280
07/05/2017,1413.4,1422.9,1411,1418.5,114345,573655
07/06/2017,1418.7,1419.6,1398.1,1400.3,137268,568071
07/07/2017,1400,1417.1,1399.4,1414.2,102901,562719
07/10/2017,1414,1419.3,1403.7,1408.7,2658,0
07/11/2017,1408.6,1414.1,1400,1413.1,5843,712
07/12/2017,1413.5,1432.8,1411.6,1422.6,5998,1793
07/13/2017,1422.8,1426,1413.8,1425.8,4203,1213
07/14/2017,1425.7,1433.3,1420.8,1428.6,4915,1525
07/17/2017,1429.1,1434.6,1422.4,1430.9,5151,1740
07/18/2017,1428.9,1431.8,1420.3,1426.8,5815,2112
07/19/2017,1426.7,1443,1425.1,1442.2,8112,2687
07/20/2017,1440.7,1445.5,1438.5,1441.9,8966,3047
07/21/2017,1442.1,1444.5,1432.3,1435.4,7994,2793
07/24/2017,1434.9,1438,1427.9,1436.4,6821,2764
07/25/2017,1435.5,1452.3,1435.5,1450.1,10881,2688
07/26/2017,1450.7,1452.2,1439.8,1441.3,10638,2921
07/27/2017,1443.1,1447,1424.7,1431.2,22219,2796
07/28/2017,1431.7,1432.9,1424.1,1430,12789,4086
07/31/2017,1429.4,1433.4,1419.1,1424.7,11693,5260
08/01/2017,1428.9,1432.1,1419.1,1428,9074,5721
08/02/2017,1427.4,1429.3,1406.3,1411.9,17742,5427
08/03/2017,1411.2,1414.3,1400.5,1405,14421,7263
08/04/2017,1405.5,1412.1,1403.2,1411.2,12151,7921
08/07/2017,1411.6,1417.7,1406.2,1413.9,9211,7733
08/08/2017,1413.2,1426.8,1405.8,1409.4,21143,7593
08/09/2017,1408.4,1409.5,1391.4,1397.2,22248,7766
08/10/2017,1398.6,1398.8,1366.6,1370.1,28857,10682
08/11/2017,1367.8,1375.8,1364.1,1372.3,22201,12182
08/14/2017,1371.9,1395,1371.9,1393.4,16608,12529
08/15/2017,1394.3,1400.3,1381.4,1381.7,13531,12518
08/16/2017,1382.2,1392.1,1380.1,1382.6,15080,13235
08/17/2017,1381,1385.2,1351.5,1354.5,32858,13209
08/18/2017,1352.7,1362,1348.7,1357.1,22551,15136
08/21/2017,1358.6,1360.9,1348.8,1355.4,15154,16224
08/22/2017,1355.5,1372.2,1355.5,1370.8,16131,16754
08/23/2017,1369.2,1373.3,1359.4,1367.2,16261,15804
08/24/2017,1366,1377.1,1363.8,1373.4,17431,15660
08/25/2017,1374.2,1380.7,1369.9,1375.6,16189,15667
08/28/2017,1375.6,1383.8,1372.4,1381.8,15486,15312
08/29/2017,1375.4,1386,1368.5,1382.7,26810,16310
08/30/2017,1383.5,1392.8,1378.9,1390.8,20580,16084
08/31/2017,1389.7,1407.2,1389.3,1405,27455,16284
09/01/2017,1403.5,1414.5,1403.5,1411.7,18597,16413
09/05/2017,1404.5,1419.9,1393.5,1401.2,57154,16779
09/06/2017,1400,1407.8,1397.9,1401.6,54935,22975
09/07/2017,1399.6,1404.1,1392.7,1397.8,97622,38392
09/08/2017,1398.6,1405,1392.5,1402.5,191409,95415
09/11/2017,1407.1,1416.4,1407.1,1415.8,211492,229049
09/12/2017,1415,1424.1,1414.9,1422.8,213361,327797
09/13/2017,1423.2,1429.3,1419.7,1426.4,143165,439175
09/14/2017,1426.2,1428.5,1421.1,1426.6,126761,507179
09/15/2017,1425.5,1434,1420.5,1432.5,60742,518205
09/18/2017,1432.7,1445.2,1431.6,1442.2,64928,521758
09/19/2017,1441.1,1444.5,1437.8,1441.6,41290,521857
09/20/2017,1440.7,1447.9,1439.6,1447.1,73413,525771
09/21/2017,1446.4,1449.8,1441.9,1445.4,49952,535784
09/22/2017,1444.4,1456,1438.6,1450.9,59589,537539
09/25/2017,1449.9,1456.5,1444,1453.7,78570,539598
09/26/2017,1454,1462.1,1451,1457.9,61781,543550
09/27/2017,1457.7,1489.8,1457.1,1487.9,158928,544965
09/28/2017,1486,1492.8,1478.7,1492.6,92939,534317
09/29/2017,1492.2,1495.3,1488.5,1492.9,88268,538906
10/02/2017,1495,1513.5,1491.6,1512.5,87230,531254
10/03/2017,1512.5,1516.2,1504.4,1515.6,83952,535028
10/04/2017,1515.5,1517.4,1505,1511.4,72265,537848
10/05/2017,1508.5,1517.4,1508.5,1515.5,56143,542454
10/06/2017,1513.6,1515,1506.6,1511.6,56526,543401
10/09/2017,1510.8,1518,1502.8,1507.6,51919,544873
10/10/2017,1507,1514,1505.3,1510,71280,545604
10/11/2017,1509.7,1513.2,1505.7,1507.8,53227,546751
10/12/2017,1508.1,1511.2,1501.1,1507.8,64398,548090
10/13/2017,1507.6,1511.8,1503,1506.3,59399,550570
10/16/2017,1506.7,1514.4,1501.2,1505.4,69052,551528
10/17/2017,1505.2,1508.7,1495.8,1499.4,79550,554662
10/18/2017,1499.7,1510.3,1499,1506.4,90348,557816
10/19/2017,1506.3,1507.4,1491.9,1502.9,83594,554005
10/20/2017,1503.5,1514.1,1502.6,1510.3,75281,552842
10/23/2017,1508.6,1513.1,1496.3,1497.7,67127,545480
10/24/2017,1496.6,1508,1496.6,1501.4,51139,543848
10/25/2017,1499.8,1500.5,1481.9,1498,95737,543526
10/26/2017,1497.8,1503.4,1494.6,1499.6,61898,542732
10/27/2017,1499.6,1509.2,1492.5,1508,88415,544952
10/30/2017,1507.6,1508.8,1483.1,1493.1,120264,544813
10/31/2017,1490.9,1508,1490.4,1502.7,102775,541696
11/01/2017,1503.4,1516.3,1483.5,1491.9,135935,544090
11/02/2017,1488.6,1501.6,1482.2,1496.1,92441,538572
11/03/2017,1495.6,1498.7,1489.5,1494.8,65268,541030
11/06/2017,1493.7,1503,1489.2,1497,79803,541624
11/07/2017,1498.1,1500.6,1474,1477.3,125341,539989
11/08/2017,1476,1483.1,1467,1482.5,120572,541605
11/09/2017,1482.9,1485.3,1461.4,1477.5,173627,540259
11/10/2017,1477.5,1479.9,1470.3,1474.2,103374,539181
11/13/2017,1474.6,1477.5,1463.2,1473.6,85311,540679
11/14/2017,1472.4,1474.5,1464.3,1470.5,90447,541638
11/15/2017,1469.8,1470.7,1453,1463.8,132971,540472
11/16/2017,1463.8,1492.6,1462.1,1486,134040,541321
11/17/2017,1485.7,1498.9,1480.2,1492.9,106075,542756
11/20/2017,1492.6,1504.5,1486.3,1504.1,84425,540529
11/21/2017,1503.7,1521.5,1501.8,1518.8,94612,547706
11/22/2017,1517.9,1526.4,1514,1516.6,62715,553407
11/24/2017,1512.8,1524.5,1510.3,1518.5,41208,552253
11/27/2017,1520.2,1524.6,1512.6,1513.3,82248,554458
11/28/2017,1515.4,1538.2,1511.5,1536.3,125638,557114
11/29/2017,1535.8,1550.7,1534.5,1541.2,136222,565616
11/30/2017,1541.8,1554.1,1538.8,1545.4,165135,570869
12/01/2017,1542.6,1545.9,1494.8,1537.6,235793,583086
12/04/2017,1547.7,1562,1528.9,1531.1,162229,582639
12/05/2017,1532.1,1539.3,1515.1,1516.4,143969,586228
12/06/2017,1516.2,1519.6,1506.6,1508.1,124147,581670
12/07/2017,1512.4,1529,1510.3,1523.8,102228,577610
12/08/2017,1524.7,1532.6,1522.6,1524.2,218405,94819
12/11/2017,1524.9,1531.2,1520.3,1525.3,286330,246213
12/12/2017,1526.6,1529.6,1518.3,1519.6,179933,433492
12/13/2017,1519.8,1537.5,1512.7,1529,171616,512774
12/14/2017,1528.3,1531.8,1505.1,1511.3,152017,572915
12/15/2017,1509.5,1542.7,1509.1,1536.6,140073,583160
12/18/2017,1536.6,1557,1535.5,1551.1,100439,589614
12/19/2017,1552.2,1556.8,1536.1,1538.5,89562,586366
12/20/2017,1538.5,1548.8,1537.5,1539.8,82396,586060
12/21/2017,1540.2,1555.6,1539.1,1550.2,66488,587804
12/22/2017,1550.5,1553.7,1542.9,1543.7,58351,588305
12/26/2017,1544.3,1550.2,1542.8,1547.5,37195,590316
12/27/2017,1548.2,1554,1540.9,1545.5,62646,590007
12/28/2017,1544.8,1550.3,1542.8,1549.6,42124,588656
12/29/2017,1548.9,1557,1529.5,1536.5,90075,590184
01/02/2018,1538.8,1553.2,1533.5,1548.8,107483,588477
01/03/2018,1548.8,1557.7,1547.8,1555.5,92646,590172
01/04/2018,1554.5,1564,1552.8,1557,74776,587261
01/05/2018,1557.2,1562.6,1551.6,1561.9,84761,582213
01/08/2018,1561,1565.9,1546.8,1562.4,92580,583011
01/09/2018,1562.5,1567.5,1558.7,1560.7,79417,580183
01/10/2018,1559.2,1563.9,1548.5,1561.9,101342,579275
01/11/2018,1561.4,1589.7,1559.1,1587.9,123788,580250
01/12/2018,1586,1602.2,1585.2,1596.1,116745,582665
01/16/2018,1594.1,1607.2,1570.7,1577.2,170923,577771
01/17/2018,1578.1,1593.4,1575.7,1589,117927,561349
01/18/2018,1588.8,1592,1574.4,1575,108950,558421
01/19/2018,1576.7,1601.6,1572.5,1599,133036,550311
01/22/2018,1593.4,1608.9,1591,1607,95270,549160
01/23/2018,1607.2,1616.3,1599.8,1613.1,96856,544562
01/24/2018,1611.8,1619.2,1596.5,1601.1,128469,546274
01/25/2018,1601.1,1612.4,1594.6,1604.4,106295,545916
01/26/2018,1604,1610,1600.1,1609.6,68738,546096
01/29/2018,1609.1,1612.9,1596.9,1597.8,90577,545010
01/30/2018,1598.9,1601.5,1579.6,1586.8,134710,543048
01/31/2018,1586.3,1596.7,1570.8,1576,126675,546562
02/01/2018,1578.7,1584.8,1565.5,1582.6,136429,546780
02/02/2018,1583,1585.8,1542.2,1544.2,176195,545679
02/05/2018,1543.5,1548.5,1447.3,1459.3,263121,549741
02/06/2018,1470.6,1513.6,1415.1,1507.4,250735,558373
02/07/2018,1502.2,1517.9,1487.5,1497.6,182834,555579
02/08/2018,1495.6,1512,1461.7,1463.8,198916,552637
02/09/2018,1463.8,1489.3,1433.8,1476.7,270554,558454
02/12/2018,1480.2,1498.5,1463.6,1492.3,196111,565238
02/13/2018,1489.4,1497.8,1475.9,1496.2,102455,544858
02/14/2018,1496.2,1524.7,1470,1520.7,174072,542973
02/15/2018,1521.5,1542.6,1514.9,1540.9,110308,531989
02/16/2018,1539,1552.6,1533.9,1544.2,121815,531389
02/20/2018,1543.5,1551,1526,1530.6,113145,526620
02/21/2018,1530.6,1557.6,1524.1,1528.2,131682,527503
02/22/2018,1527.6,1549.7,1517,1536.4,112464,525150
02/23/2018,1536.5,1551.8,1530.5,1551.2,119628,523248
02/26/2018,1552.3,1563.5,1543.3,1561.7,75032,523611
02/27/2018,1560.6,1567.9,1535.1,1538.3,105290,523689
02/28/2018,1537.9,1544.8,1508.1,1511.2,146383,523993
03/01/2018,1512,1523.9,1491.7,1505.4,193204,528465
03/02/2018,1505.4,1535.9,1490.4,1530.4,150828,522074
03/05/2018,1525.5,1550.8,1514.8,1543.6,128002,519112
03/06/2018,1543.2,1562.6,1536,1559.1,109833,512668
03/07/2018,1549.8,1578.1,1538,1573.4,134921,511636
03/08/2018,1576.5,1586.8,1567.1,1577.7,78673,508332
03/09/2018,1577.8,1602.5,1573.9,1601.3,161133,76392
03/12/2018,1600.6,1610.8,1597.3,1605.9,269091,178366
03/13/2018,1606,1615.8,1593,1600.6,200317,357551
03/14/2018,1596.8,1607.8,1585.8,1588.3,135100,452751
03/15/2018,1588.7,1593.2,1575.1,1583,112504,480963
03/16/2018,1584.6,1594.8,1579,1591.1,107899,485566
03/19/2018,1591.2,1591.2,1555.1,1577.6,121003,485682
03/20/2018,1577.5,1582.3,1568.6,1576.7,80768,484090
03/21/2018,1575.9,1594.2,1570.9,1584.1,109879,480655
03/22/2018,1583.6,1589.8,1542.4,1543.9,181540,481675
03/23/2018,1547,1555.2,1513.1,1518.4,177690,488004
03/26/2018,1518.4,1547,1516.2,1546,137168,490004
03/27/2018,1546,1557.5,1509.4,1518.7,154513,489174
03/28/2018,1516.6,1526.8,1506.2,1517.4,158398,481853
03/29/2018,1519.8,1543.6,1514.5,1531.2,142313,480479
04/02/2018,1527.5,1532.7,1482.5,1491.7,176431,476116
04/03/2018,1495.2,1517.5,1492.8,1513.7,138667,485894
04/04/2018,1514.5,1537.4,1484.4,1534.9,132697,482463
04/05/2018,1534.2,1547.6,1532.3,1543.7,97445,479384
04/06/2018,1545.6,1547.1,1502.3,1515.4,142367,478159
04/09/2018,1517.2,1537.5,1513.5,1519.5,93084,478325
04/10/2018,1519,1551.5,1514.2,1545.5,121205,479676
04/11/2018,1544.9,1554.8,1530.3,1548.6,87652,483101
04/12/2018,1549,1565.6,1548.8,1559.3,81507,484712
04/13/2018,1558.3,1564.7,1546.5,1552.8,95583,484728
04/16/2018,1557.9,1570.4,1552.7,1566.4,96186,485108
04/17/2018,1565.6,1587,1564.6,1584.1,92271,488837
04/18/2018,1582.8,1595.9,1582.2,1587.8,80293,488957
04/19/2018,1588,1590.9,1570.1,1575.1,89091,491686
04/20/2018,1574.5,1578.7,1562.5,1566.7,94219,493594
04/23/2018,1573.9,1574.4,1556.7,1565.3,65551,493971
04/24/2018,1564.2,1577.8,1542.9,1556.8,134372,495912
04/25/2018,1556.3,1559.9,1540.4,1555.1,121512,502306
04/26/2018,1556.3,1565.6,1550.1,1564.2,92993,504939
04/27/2018,1563.6,1564.7,1548.5,1558.9,84412,506116
04/30/2018,1557.5,1567.4,1541.7,1543.8,102790,503981
05/01/2018,1543,1555,1527.2,1552.9,114649,509545
05/02/2018,1553.1,1568.2,1546.6,1552.5,93731,507841
05/03/2018,1552.6,1558.2,1531,1551.1,137459,505838
05/04/2018,1550.1,1575.2,1537.6,1566.8,108039,506118
05/07/2018,1566.8,1588.7,1565.7,1581.4,86127,506745
05/08/2018,1580.5,1590,1575.1,1589.5,99277,507873
05/09/2018,1589.1,1600.9,1583.5,1598.4,97288,509191
05/10/2018,1598.2,1611.5,1596.3,1605.2,84089,513691
05/11/2018,1604.3,1611,1599.8,1609.5,85154,511932
05/14/2018,1608.5,1616.4,1598.4,1604.3,102885,507890
05/15/2018,1604,1605.7,1591,1601.8,110559,511343
05/16/2018,1602.7,1622.8,1598.9,1619.1,95436,513198
05/17/2018,1619.7,1629.6,1616.3,1626.6,87643,520119
05/18/2018,1626.3,1632.5,1623.7,1626.9,82034,524676
05/21/2018,1633.7,1641.6,1630.9,1640.7,81926,530506
05/22/2018,1640.4,1643.8,1625.4,1626.8,76218,533180
05/23/2018,1625.8,1632.1,1618.1,1629.5,88235,533802
05/24/2018,1629.5,1632.4,1614.7,1630.1,94847,539279
05/25/2018,1629.8,1636.3,1623.1,1625.3,71751,540238
05/29/2018,1630.2,1632.3,1607.1,1625.2,144076,540426
05/30/2018,1626,1652.8,1621.1,1649.6,127606,547486
05/31/2018,1648.5,1654.2,1631.6,1634.2,138677,561086
06/01/2018,1637.9,1652.2,1636.9,1650.2,112375,553678
06/04/2018,1648.7,1656.1,1641.2,1654.5,94884,553363
06/05/2018,1655,1667.7,1651.4,1666.1,100441,547604
06/06/2018,1665.7,1679.4,1663.8,1678.3,102858,546949
06/07/2018,1682.7,1686.2,1664.6,1674.8,79749,546334
06/08/2018,1676,1678.8,1665.7,1676.4,179759,77797
06/11/2018,1675.1,1683.9,1671.7,1681.7,280659,202626
06/12/2018,1681.7,1692.3,1677.4,1686.4,189715,396647
06/13/2018,1688.5,1691.2,1678.6,1680.7,146258,505464
06/14/2018,1680.9,1692.1,1675.9,1691.3,114355,537890
06/15/2018,1689.5,1691.8,1676.5,1690.6,126112,553912
06/18/2018,1687.5,1699.8,1677.2,1699.6,99617,554441
06/19/2018,1698.5,1699.8,1675.6,1698.8,138870,555389
06/20/2018,1699,1713.9,1694.9,1713.4,113402,557978
06/21/2018,1712.3,1720.8,1689.2,1693.7,153981,557953
06/22/2018,1693.6,1703.1,1684.3,1691.2,187842,560589
06/25/2018,1689,1690.7,1652.1,1662.3,202019,560008
06/26/2018,1662.6,1677.8,1657.6,1674.6,161925,555471
06/27/2018,1673.2,1675.8,1643.4,1644.4,162408,550131
06/28/2018,1643,1652.3,1632.5,1650.7,155489,549489
06/29/2018,1650.4,1660.6,1645.9,1647.5,141526,552356
07/02/2018,1646.5,1660.9,1633.3,1660,122569,554128
07/03/2018,1659.7,1673.1,1655.6,1667.3,93989,554801
07/05/2018,1665.7,1685.3,1664,1684.1,123183,557955
07/06/2018,1681.7,1701.8,1678.7,1701,92275,568198
07/09/2018,1700.8,1711,1700,1710.4,75634,570163
07/10/2018,1710.7,1715,1690.4,1700.2,94200,571048
07/11/2018,1692.6,1702.1,1683.6,1686.7,117140,573725
07/12/2018,1689.9,1697.9,1681.6,1692.3,110108,575489
07/13/2018,1692.8,1702.7,1688.8,1691.6,91331,573538
07/16/2018,1692.4,1695.5,1674.4,1683.2,99564,569486
07/17/2018,1682.9,1695.3,1680.3,1690.2,99006,569630
07/18/2018,1691.4,1695.2,1680.1,1694.2,81389,567155
07/19/2018,1694.7,1707.2,1687,1705.5,106212,561105
07/20/2018,1704.3,1707.6,1697.5,1698.9,100030,566359
07/23/2018,1699.7,1705.7,1691.9,1702.7,77532,563119
07/24/2018,1701.9,1711.8,1676.1,1682.2,123494,561378
07/25/2018,1680,1691,1674.8,1689.8,116069,561645
07/26/2018,1687.5,1707.7,1687.5,1701.1,114870,560413
07/27/2018,1699,1703.3,1661.2,1661.9,138129,558849
07/30/2018,1661.6,1673.4,1653.4,1655,122938,564696
07/31/2018,1656.2,1679.7,1653.3,1672.4,140980,560450
08/01/2018,1677.2,1677.3,1657.6,1668.1,105726,555596
08/02/2018,1670.6,1685.7,1656.8,1684.8,110415,551400
08/03/2018,1685.5,1689.5,1668.2,1675.3,107262,552344
08/06/2018,1676.7,1687.6,1671,1686.9,86933,552970
08/07/2018,1686.6,1697.3,1686,1691.5,87892,551816
08/08/2018,1692.2,1692.3,1676.6,1687.1,87229,549443
08/09/2018,1685.7,1699.2,1685.1,1693,71711,547783
08/10/2018,1691.9,1698.5,1680.5,1687.3,106377,548514
08/13/2018,1686.5,1691.9,1669.9,1677.1,115570,549077
08/14/2018,1678.1,1697.8,1677.9,1696.6,100358,543722
08/15/2018,1696.6,1697.4,1662.5,1673.8,148349,547153
08/16/2018,1674,1693,1671,1689.2,91739,545483
08/17/2018,1688.5,1697.7,1680.3,1696.9,83345,546856
08/20/2018,1697.6,1702.9,1689.2,1699.2,80096,549779
08/21/2018,1700.2,1724.9,1695.9,1717.2,120076,553048
08/22/2018,1712.5,1725.8,1708.4,1723.3,87291,555121
08/23/2018,1723.9,1726.3,1712.7,1717.6,92226,558831
08/24/2018,1719.1,1728.7,1718,1726.8,73421,560866
08/27/2018,1727.9,1740.2,1726.9,1731.1,82953,557932
08/28/2018,1731,1735.6,1721.6,1729.5,76771,557918
08/29/2018,1729.6,1738.3,1724.9,1736.6,83206,557903
08/30/2018,1737.4,1742.8,1728.3,1734.9,96000,557663
08/31/2018,1732.8,1744,1727.8,1740.6,104127,557833
09/04/2018,1742.3,1746.3,1720.6,1734.6,139773,559824
09/05/2018,1735.2,1736.4,1713.1,1728.7,123502,546311
09/06/2018,1729.3,1734.3,1713.5,1715.2,127835,542831
09/07/2018,1714.8,1723.7,1705.8,1715.8,123353,537473
09/10/2018,1715.2,1726.1,1713,1719.7,107963,538321
09/11/2018,1719.1,1725.3,1708.8,1720.9,113716,534720
09/12/2018,1721.6,1722.5,1702.1,1716.6,133565,536352
09/13/2018,1720.5,1730,1716.2,1720.1,76348,528015
09/14/2018,1721,1733.1,1717.5,1728.7,193349,82070
09/17/2018,1727,1729,1706.9,1709.4,283553,191989
09/18/2018,1708.9,1720.7,1702.7,1718.1,218026,354291
09/19/2018,1718.2,1724.2,1703.3,1709.5,196444,461373
09/20/2018,1710.5,1729.2,1709.2,1728,140544,513004
09/21/2018,1727.9,1731.3,1714.5,1717.4,123228,530448
09/24/2018,1713,1717.3,1699.4,1709.4,99941,525845
09/25/2018,1710.6,1717.7,1708.4,1714.5,78390,527296
09/26/2018,1715.1,1719.4,1693,1695.2,119678,527410
09/27/2018,1696.2,1703.1,1693.4,1696.5,100798,527055
09/28/2018,1698.7,1706.1,1686.9,1700.8,126284,526205
10/01/2018,1703.7,1711.8,1672.6,1678.7,158271,523508
10/02/2018,1679.7,1680.4,1656.6,1660.5,147722,530094
10/03/2018,1660.8,1682.3,1659.1,1678.3,146492,529424
10/04/2018,1675.7,1675.8,1645.5,1650.6,174409,524893
10/05/2018,1653.1,1657.6,1620.4,1639.4,196006,521291
10/08/2018,1640.8,1642.5,1619.2,1634,115794,519768
10/09/2018,1634,1641.4,1623.5,1626.8,143909,518587
10/10/2018,1627.1,1629.5,1565.9,1570.5,250682,522584
10/11/2018,1567.7,1586,1544.4,1553.7,315939,526219
10/12/2018,1555.4,1575.8,1530.7,1549.4,243297,524751
10/15/2018,1553.1,1565,1535.7,1550.7,193762,511341
10/16/2018,1550,1601.8,1548.5,1600.7,197212,499570
10/17/2018,1598.8,1602.1,1570.7,1594.1,162781,495603
10/18/2018,1593.3,1594.1,1555.4,1562.2,162728,486285
10/19/2018,1564.5,1575.4,1539.2,1542.7,154382,480162
10/22/2018,1541,1556.5,1532.8,1542.2,127969,479194
10/23/2018,1541.8,1542.8,1500.2,1531.2,196436,480008
10/24/2018,1531.3,1534.4,1467.7,1469.8,200991,485471
10/25/2018,1478.3,1509,1469.4,1495.1,188020,485924
10/26/2018,1488,1504.9,1457.4,1490.9,220380,487491
10/29/2018,1488.1,1517,1460.7,1480.2,190562,482720
10/30/2018,1478,1514.1,1474.8,1512,192313,480716
10/31/2018,1512.3,1529.4,1508.5,1511.9,184307,481919
11/01/2018,1511.4,1548.2,1510.6,1542.1,178877,476408
11/02/2018,1537.7,1559.7,1534.6,1549.6,183881,473202
11/05/2018,1548.9,1557.1,1533.5,1549.8,119893,472202
11/06/2018,1549.6,1562.3,1543.7,1559.5,117221,472280
11/07/2018,1557.5,1585.8,1550.4,1584.2,159426,471292
11/08/2018,1584,1589.2,1573.5,1582.1,116226,473300
11/09/2018,1580.2,1582.9,1539.1,1551.7,151073,475961
11/12/2018,1552.4,1561.9,1518.2,1520.4,178481,474657
11/13/2018,1522,1540.7,1512.5,1517.4,164615,467758
11/14/2018,1520.3,1534.4,1494,1499.8,184018,462104
11/15/2018,1501.6,1528.7,1490.2,1527.4,191882,464309
11/16/2018,1526.6,1532.4,1509.4,1531.5,148212,461925
11/19/2018,1528.1,1533.4,1492,1500.4,153277,463895
11/20/2018,1501.8,1501.8,1464.1,1466.9,192128,465640
11/21/2018,1466.2,1501.9,1463.6,1487.9,116532,469038
11/23/2018,1488.4,1501,1472.5,1486.1,84608,470541
11/26/2018,1490,1512.2,1486.2,1503.5,120977,476175
11/27/2018,1498.9,1511,1490.6,1493.7,123860,470454
11/28/2018,1494.9,1532.1,1484.2,1527.9,159698,469204
11/29/2018,1525.5,1535.3,1512.2,1527.5,126902,469575
11/30/2018,1526.6,1536.6,1518,1534.6,132069,466483
12/03/2018,1548.3,1562.4,1527.5,1547.8,152270,467678
12/04/2018,1547.6,1549.3,1478.2,1481.9,227560,465029
12/05/2018,1482,1494.4,1481.7,1481.9,14801,470230
12/06/2018,1489.6,1490.7,1440.7,1475.3,236105,468839
12/07/2018,1477.6,1489,1438.8,1450.1,196943,474917
12/10/2018,1446.2,1456.5,1420.4,1447.1,191723,480620
12/11/2018,1449.1,1468.4,1430,1444.2,166591,477675
12/12/2018,1438.9,1474.2,1438.8,1455.6,168444,476169
12/13/2018,1459.1,1468.5,1435.2,1436.4,74283,463083
12/14/2018,1438.5,1441.8,1409.8,1415.8,177675,72625
12/17/2018,1413.7,1423.4,1375.4,1390.1,346003,146889
12/18/2018,1391,1405.8,1370.4,1374.7,254924,292623
12/19/2018,1373,1400,1342.7,1347.9,270866,384834
12/20/2018,1345.8,1362.7,1313.7,1337.8,344731,431411
12/21/2018,1340.7,1342.6,1291.1,1297.4,249891,472551
12/24/2018,1295,1305,1263.2,1264.2,123726,482785
12/26/2018,1267.1,1333.4,1252,1331.1,177796,486356
12/27/2018,1329.4,1337.2,1288.9,1333.7,225242,479696
12/28/2018,1335.3,1360.6,1326.2,1340.9,161477,484133
12/31/2018,1345.3,1354.8,1328.1,1349,155975,465484
01/02/2019,1353.2,1362.8,1323.5,1356.2,162604,470855
01/03/2019,1344.9,1357.1,1326.4,1330.4,174035,467576
01/04/2019,1333.1,1387.3,1325.3,1381.6,176271,467534
01/07/2019,1384.4,1414.6,1375.8,1405.9,173010,465386
01/08/2019,1406.8,1429.3,1404.6,1425.9,164464,466450
01/09/2019,1424,1445.1,1422.8,1437.5,136836,470565
01/10/2019,1436.4,1448.6,1424.3,1446.6,139747,474564
01/11/2019,1445.8,1450.9,1437.3,1447.7,112967,469958
01/14/2019,1446.2,1446.5,1431.4,1433.9,122885,470939
01/15/2019,1435.1,1447.5,1431.8,1443.2,145658,475398
01/16/2019,1442.4,1463.6,1440.9,1454.2,113699,466336
01/17/2019,1453.1,1473.8,1445.5,1468.3,127420,466392
01/18/2019,1469.9,1489.7,1466.6,1484.3,131941,467685
01/22/2019,1481.9,1483.9,1450.6,1459.8,150609,469586
01/23/2019,1460,1472.2,1444.4,1455.4,121941,468521
01/24/2019,1454.6,1467.6,1450.3,1460.9,104759,469041
01/25/2019,1463.6,1486.6,1461.1,1482.6,108570,473083
01/28/2019,1481.2,1482.8,1463.3,1475,128819,475723
01/29/2019,1474.4,1478.9,1467.2,1472.6,96302,476775
01/30/2019,1475.6,1493.4,1466.1,1488.6,133097,478188
01/31/2019,1488.5,1504.7,1484.4,1500.2,169049,482379
02/01/2019,1502.6,1506.7,1495.3,1503.5,120068,490023
02/04/2019,1499.6,1519.6,1498.3,1517.4,101524,489865
02/05/2019,1517.8,1525.7,1511.9,1518.4,91034,494133
02/06/2019,1518,1523.3,1510.5,1517.5,74595,492865
02/07/2019,1517.4,1518.2,1492.9,1505.6,118735,491981
02/08/2019,1504.4,1510,1493.9,1508.1,85814,490865
02/11/2019,1509.8,1520.8,1504.8,1520,93109,492688
02/12/2019,1519.1,1541.5,1518.5,1538.5,108845,497872
02/13/2019,1538,1546.8,1535.9,1542.2,92584,496906
02/14/2019,1541.5,1552.5,1532.5,1544.6,130853,492699
02/15/2019,1543.7,1572.7,1537.2,1570.6,118497,491849
02/19/2019,1570.4,1579.9,1562.7,1575.7,103317,492936
02/20/2019,1575,1584.7,1571.7,1583.6,112963,494102
02/21/2019,1583.4,1590.9,1569,1577.5,118384,493326
02/22/2019,1576,1592.4,1575.1,1589.9,93196,497724
02/25/2019,1596,1603.6,1589.3,1591.1,91833,504797
02/26/2019,1589.1,1590.5,1575.1,1576.7,104252,505384
02/27/2019,1574.4,1583.5,1569.2,1582.1,93314,504902
02/28/2019,1582,1582.6,1571.2,1575.5,116696,516116
03/01/2019,1575.8,1591,1574.8,1589.5,122532,516988
03/04/2019,1592.4,1598,1563.1,1574.4,141342,509309
03/05/2019,1574.1,1579.3,1566.9,1569.8,93445,506957
03/06/2019,1567.5,1569.2,1535.6,1537,172797,503871
03/07/2019,1542.2,1547.7,1525.4,1528.8,94337,504425
03/08/2019,1529.5,1531.8,1517.6,1530.7,168430,92847
03/11/2019,1530.7,1555.6,1524.4,1553.3,280966,175588
03/12/2019,1554.9,1561.2,1549.2,1553.6,180530,331171
03/13/2019,1554.6,1568.4,1548.1,1563.1,134540,417022
03/14/2019,1563.6,1565.9,1551.3,1552.3,114411,446596
03/15/2019,1552.4,1569.7,1552.4,1559.9,134772,452440
03/18/2019,1558.1,1575.6,1555.2,1569.9,128822,451046
03/19/2019,1570.7,1577.7,1556.4,1558.7,129533,454112
03/20/2019,1559.6,1569.2,1538.5,1546.8,169223,451292
03/21/2019,1544,1575.7,1538.8,1568.6,175957,456105
03/22/2019,1566.4,1569.9,1508.5,1511.1,238120,453177
03/25/2019,1511.5,1526.9,1497.4,1519.6,175604,455595
03/26/2019,1520,1542.5,1518.7,1531.9,137139,458112
03/27/2019,1532,1536.8,1508,1526.3,142003,456889
03/28/2019,1524.2,1542.9,1517.6,1540.2,120898,454312
03/29/2019,1540.2,1553.4,1534.5,1543.8,149621,453869
04/01/2019,1545.9,1562.6,1545.9,1559.6,133519,448052
04/02/2019,1559,1562.8,1548,1554.4,102212,443936
04/03/2019,1553.1,1574.9,1552.7,1566.9,129813,439804
04/04/2019,1567.2,1573.8,1561.4,1571.9,96841,435217
04/05/2019,1570.9,1588.2,1570,1586.1,122757,433373
04/08/2019,1587.8,1588.3,1573.6,1583.9,104965,428401
04/09/2019,1584.1,1585,1561.7,1564.7,100692,431883
04/10/2019,1564.5,1586.8,1562.1,1585.8,104757,435860
04/11/2019,1586.2,1589.5,1580.8,1581.9,92385,437837
04/12/2019,1582.2,1594.2,1581,1589.2,96747,439090
04/15/2019,1590.1,1593.5,1577.3,1583.7,78587,438116
04/16/2019,1583.5,1591.4,1582,1586.8,84717,432883
04/17/2019,1586.2,1593.6,1563.5,1570.6,119816,429398
04/18/2019,1570.5,1576,1558.2,1569,109732,429428
04/22/2019,1568.6,1571.8,1556.7,1564.1,79466,422671
04/23/2019,1564.5,1592.6,1561,1589.7,126447,422984
04/24/2019,1589.9,1598.7,1584.5,1590.6,108586,425214
04/25/2019,1588.5,1590.8,1565.7,1579,122968,430823
04/26/2019,1576.4,1596.3,1572.5,1594,96040,429055
04/29/2019,1592.7,1607.6,1592.7,1602.2,88469,429878
04/30/2019,1602.9,1605.1,1580.6,1594.2,132900,434138
05/01/2019,1597,1600.6,1573,1577.6,133510,427262
05/02/2019,1573.3,1592,1566.9,1585.8,147804,427951
05/03/2019,1586.9,1618.7,1584.8,1617.3,125261,427517
05/06/2019,1600,1621.9,1577.6,1617.5,147921,432178
05/07/2019,1605.6,1615.5,1572.5,1590.2,184178,436491
05/08/2019,1589,1594.1,1576,1581.3,142028,436244
05/09/2019,1579.6,1579.9,1546.7,1572.1,189232,434616
05/10/2019,1571,1582.7,1545.7,1578.6,178209,430996
05/13/2019,1568.4,1569.5,1519,1520.1,210040,431136
05/14/2019,1521,1550.7,1516.7,1546.1,140584,430978
05/15/2019,1547,1553,1529.3,1551.5,129467,424369
05/16/2019,1550,1570.4,1542.8,1559.9,124008,421445
05/17/2019,1559.6,1561.7,1534.7,1537.6,160268,422932
05/20/2019,1536.8,1547.4,1522.1,1526.8,127705,422022
05/21/2019,1528.8,1548.9,1527.6,1546.3,105971,424970
05/22/2019,1545.3,1548,1527.9,1533.8,105289,426170
05/23/2019,1533.5,1534.2,1492.9,1502.1,184081,424191
05/24/2019,1502.4,1518.5,1501.7,1517.7,111113,426840
05/28/2019,1516.1,1523.9,1502.8,1505.8,127436,427719
05/29/2019,1505.4,1506.4,1480.6,1488.9,151048,424277
05/30/2019,1489.2,1502.5,1476.7,1486.4,117554,424630
05/31/2019,1484.6,1486.4,1459.4,1466.5,157306,426041
06/03/2019,1461,1478.3,1454.3,1472.3,199925,432902
06/04/2019,1475.8,1509.3,1471.3,1506.9,166123,425854
06/05/2019,1507.2,1516.6,1492.2,1505.8,153212,420080
06/06/2019,1504.1,1513,1488.8,1502.5,157001,421138
06/07/2019,1498.9,1521.1,1497.9,1512.6,146831,424955
06/10/2019,1519.6,1537.4,1515.3,1522.6,111462,421734
06/11/2019,1524.7,1538.2,1511.4,1518.1,118505,417492
06/12/2019,1518.4,1523.6,1511.8,1521.6,91443,419073
06/13/2019,1526.4,1540.8,1518.4,1539.3,66771,415268
06/14/2019,1539,1543.3,1525.7,1528.3,164366,57065
06/17/2019,1528.1,1543.5,1527.5,1537.8,248968,144968
06/18/2019,1538,1566.1,1533.6,1554.9,195133,297354
06/19/2019,1554.9,1561.2,1547.9,1559.7,132165,357378
06/20/2019,1558,1576,1557.6,1566.7,143581,389741
06/21/2019,1566.3,1566.9,1549.5,1552,126340,400462
06/24/2019,1550.8,1559,1533.6,1537.3,112223,401791
06/25/2019,1536.3,1540.5,1523.4,1525,113659,407100
06/26/2019,1524.8,1535.7,1520.2,1521.2,105769,415312
06/27/2019,1520.5,1552,1519.8,1549.8,146620,416695
06/28/2019,1550.7,1575.2,1548.5,1567.1,216721,427586
07/01/2019,1582.9,1593.3,1564.8,1573.6,149789,422424
07/02/2019,1574.4,1577.1,1554.7,1566.3,119230,414312
07/03/2019,1566.1,1579,1562.6,1578,62345,414379
07/05/2019,1579,1581.5,1560.5,1579.4,98274,415085
07/08/2019,1580.5,1581.3,1560.8,1564.7,85845,417824
07/09/2019,1563.4,1566.8,1555.5,1565.2,96929,421051
07/10/2019,1564.6,1577.9,1560.1,1568,119441,422240
07/11/2019,1567.6,1573.3,1553.7,1559.7,100821,423254
07/12/2019,1559.1,1578.6,1559,1572,97115,424985
07/15/2019,1572.4,1579,1560,1565.1,88380,425980
07/16/2019,1564.8,1573.7,1558.1,1565.5,100388,425360
07/17/2019,1564.4,1568.5,1548.2,1551.6,108706,426655
07/18/2019,1549.4,1562.4,1546.6,1558.1,110089,429492
07/19/2019,1560.6,1565.4,1545.1,1548.1,101984,430857
07/22/2019,1546.1,1557.9,1544.6,1548.3,94587,428442
07/23/2019,1547.9,1558.1,1545.9,1557.3,97079,434344
07/24/2019,1555.4,1585.9,1550.6,1584.2,138522,435792
07/25/2019,1583.7,1588.9,1561.3,1563.2,126578,439629
07/26/2019,1562.5,1585.1,1562,1581.5,106486,437221
07/29/2019,1579.8,1584.5,1566.4,1571.1,80042,436411
07/30/2019,1572.8,1589.4,1557.4,1587.4,136733,438637
07/31/2019,1587,1603.5,1566,1576.7,235957,439695
08/01/2019,1572.5,1592.1,1545.7,1551.6,223997,443606
08/02/2019,1549.8,1552.1,1522.1,1535.3,207516,443132
08/05/2019,1535,1535.6,1470.4,1479.9,242708,447500
08/06/2019,1473.8,1505.5,1450.7,1499.4,191436,454810
08/07/2019,1498.3,1508.4,1474.7,1500.1,194252,453132
08/08/2019,1498,1535.2,1493.1,1534.1,155125,451776
08/09/2019,1527.8,1532.3,1508.2,1513.7,147777,453970
08/12/2019,1513.6,1521.1,1491,1493.1,115242,450375
08/13/2019,1494.4,1525.9,1484.3,1513.7,152829,448251
08/14/2019,1513.5,1516,1464.5,1468.3,205310,447618
08/15/2019,1465.8,1485,1455.1,1463.3,188968,456341
08/16/2019,1464.2,1496.5,1463.9,1493.6,130299,460305
08/19/2019,1492.6,1516.4,1492.6,1507.6,105377,451065
08/20/2019,1506.5,1512.8,1495.1,1496.4,86921,451052
08/21/2019,1494,1515.1,1492.7,1514,87628,451220
08/22/2019,1514,1518.6,1498.3,1506.5,107218,448876
08/23/2019,1505,1514.1,1455.8,1463.7,224274,448935
08/26/2019,1448.7,1484.4,1440.4,1480.3,165761,455918
08/27/2019,1480.6,1487.7,1452.6,1454.7,176358,458944
08/28/2019,1454.8,1480.3,1447.7,1473.3,144557,467323
08/29/2019,1470.3,1499.4,1465.2,1497.5,121117,464848
08/30/2019,1496.6,1508.2,1486.4,1494.2,114340,460934
09/03/2019,1486,1495.9,1465.7,1470.1,190895,460029
09/04/2019,1469.2,1489.6,1468.2,1483.4,105652,459761
09/05/2019,1483.3,1525.5,1482.6,1507,168453,458417
09/06/2019,1507.3,1518.6,1504.2,1505,101814,454273
09/09/2019,1505.2,1528.6,1504.5,1522,127993,453934
09/10/2019,1522.1,1546.6,1514.7,1545,165333,450195
09/11/2019,1545.1,1579.3,1541.4,1577,224324,453188
09/12/2019,1580.1,1588.5,1563.6,1581.3,72896,448479
09/13/2019,1578.3,1597.4,1578.3,1582.9,207569,65358
09/16/2019,1577.2,1596.1,1568.9,1587.7,272691,169219
09/17/2019,1589,1591.3,1572.5,1583.8,217491,312097
09/18/2019,1584.4,1584.7,1558.4,1572,165494,385778
09/19/2019,1573,1586.2,1562.9,1564.2,151479,416386
09/20/2019,1563.6,1574.3,1551.8,1561.3,156045,419535
09/23/2019,1564.9,1571.6,1552.3,1562.1,109717,439774
09/24/2019,1564,1570.4,1530.3,1536.8,193893,441351
09/25/2019,1536.8,1556.5,1529.4,1552.8,152922,440984
09/26/2019,1552.6,1558.6,1531.6,1537.2,145632,440213
09/27/2019,1537.8,1544.6,1516.6,1524.1,145939,439907
09/30/2019,1529.8,1534.2,1519.5,1525,159147,437868
10/01/2019,1528.6,1545,1491.2,1493.3,198485,446092
10/02/2019,1494.9,1499.8,1468.5,1476.8,191080,441069
10/03/2019,1477.6,1489.2,1459,1486.9,164899,441411
10/04/2019,1487.7,1502.4,1477.7,1500.5,119597,434764
10/07/2019,1490.7,1510.7,1487.5,1498.9,111481,430295
10/08/2019,1497,1505.4,1470.3,1474.3,151591,428626
10/09/2019,1474.7,1490.9,1472,1481.5,101207,439166
10/10/2019,1482.1,1496.2,1462.7,1489.7,134969,439648
10/11/2019,1493.5,1530,1489.3,1512.9,179438,443985
10/14/2019,1510.4,1519.9,1500.8,1506.6,80812,439601
10/15/2019,1506.8,1531.4,1506.8,1526.4,107282,442861
10/16/2019,1525.1,1532.6,1517.2,1524.8,91695,444491
10/17/2019,1525.6,1545,1521.1,1543.4,105723,442269
10/18/2019,1543.1,1544.9,1524.1,1537.6,101649,446368
10/21/2019,1534.7,1559.9,1534.2,1551.5,105337,447728
10/22/2019,1551.5,1560.6,1547.1,1551.7,87874,446288
10/23/2019,1550.8,1557.3,1545.2,1555.5,70918,444909
10/24/2019,1556,1560.1,1544.1,1552.4,82434,445849
10/25/2019,1551.5,1564.9,1547.6,1559.2,77252,443589
10/28/2019,1560.2,1579.6,1559.3,1574.9,105413,442191
10/29/2019,1575.6,1582.9,1568,1578.2,95081,444315
10/30/2019,1578.5,1579.7,1561.8,1574.4,95812,447654
10/31/2019,1575.7,1576.3,1551,1563.4,146468,450377
11/01/2019,1563.8,1591,1561.4,1590.3,134104,455071
11/04/2019,1589.7,1605.9,1589.7,1597.2,113059,458619
11/05/2019,1597.1,1613.6,1595.6,1599.4,112415,458276
11/06/2019,1598.5,1602.4,1586.9,1592.4,109694,458619
11/07/2019,1593.7,1610.6,1589.6,1594.9,130123,461780
11/08/2019,1594.4,1601.3,1587.9,1598.9,95562,466382
11/11/2019,1600.1,1600.6,1587.2,1596.9,82115,467479
11/12/2019,1597.2,1607.3,1593.1,1595.7,100717,465440
11/13/2019,1595.6,1595.9,1579.7,1593,118129,466838
11/14/2019,1593.2,1597.1,1585.8,1589.1,103166,466970
11/15/2019,1589.8,1600.8,1588.8,1597.2,92353,470890
11/18/2019,1598.4,1601.2,1587,1591.9,88309,468250
11/19/2019,1592.1,1605,1588.6,1598.7,107594,470187
11/20/2019,1597.8,1603.8,1580.2,1593.9,152215,471554
11/21/2019,1590.2,1599,1579.4,1584.8,121222,475467
11/22/2019,1584,1592.8,1580.6,1591,99011,477945
11/25/2019,1595.4,1625.5,1594.1,1623.2,128793,475585
11/26/2019,1623.3,1632.6,1619.8,1627.7,115805,485053
11/27/2019,1627.1,1636.1,1625.9,1635.1,91996,479366
11/29/2019,1635.4,1636.4,1623,1623.8,93993,481371
12/02/2019,1625.1,1635.4,1605.4,1609.3,145107,475001
12/03/2019,1609,1614.6,1587.5,1604.2,145609,472466
12/04/2019,1604.3,1618.5,1599.1,1614.3,118376,472683
12/05/2019,1614,1622.7,1610.6,1616.8,107066,470446
12/06/2019,1617,1640.3,1616.3,1636.4,122020,475557
12/09/2019,1636.6,1637.8,1628.6,1630.4,99042,481550
12/10/2019,1630,1636,1619.1,1633.5,108541,478432
12/11/2019,1633.9,1637.6,1625.4,1633.9,110764,477225
12/12/2019,1637.9,1660,1631.1,1648.6,70910,469541
12/13/2019,1651.6,1660.2,1634.2,1644.2,265443,86727
12/16/2019,1645.5,1664.2,1644.8,1656.2,249447,219285
12/17/2019,1655.9,1661.3,1651.1,1660.7,181333,337664
12/18/2019,1659.1,1669,1658.3,1668.5,150944,412951
12/19/2019,1668,1674.2,1664.8,1672,116721,454226
12/20/2019,1673.4,1679.7,1671.4,1674,110095,488999
12/23/2019,1673.8,1677.8,1667.8,1676.8,87349,492139
12/24/2019,1677.4,1681.3,1674.3,1680.1,33145,486130
12/26/2019,1680.5,1684.4,1678,1682.2,46368,477303
12/27/2019,1681.3,1687.8,1668.5,1670.9,97281,479023
12/30/2019,1669.5,1675.9,1659.4,1668.4,116597,484193
12/31/2019,1667.9,1676.9,1660.6,1670.6,135363,487224
01/02/2020,1674,1684.8,1654.6,1670.5,163826,485222
01/03/2020,1672.4,1674.3,1639.7,1661.8,169715,483862
01/06/2020,1653.2,1667.9,1646.6,1663,138819,485754
01/07/2020,1663.5,1669.4,1653,1658.2,114910,488175
01/08/2020,1656.5,1672.3,1627.3,1668.6,169350,486868
01/09/2020,1669,1676.6,1664.3,1667.7,118766,487171
01/10/2020,1667.2,1672,1653.4,1659.2,140147,488687
01/13/2020,1657,1672.2,1652,1670.9,116036,487964
01/14/2020,1670.2,1687.4,1660.9,1679.5,179580,492895
01/15/2020,1678.8,1691.2,1671,1685.6,147006,494464
01/16/2020,1686,1710.2,1686,1706.5,179261,503155
01/17/2020,1707.1,1715.1,1698.1,1699.9,134985,508363
01/21/2020,1698.9,1703.3,1683.2,1685.9,150158,504657
01/22/2020,1686.4,1697.1,1681.7,1684.8,127606,506028
01/23/2020,1683.2,1690.3,1664.9,1685.5,136971,505534
01/24/2020,1685.7,1694.3,1652.5,1663.4,190629,505350
01/27/2020,1651.1,1655.2,1634.2,1644.2,210996,504642
01/28/2020,1644.6,1664.3,1644,1658.9,151696,505532
01/29/2020,1660.6,1665.7,1646.2,1649.4,129304,501437
01/30/2020,1648.6,1652,1628.7,1648.9,181593,497315
01/31/2020,1650.4,1652.8,1609.1,1614.7,209849,498175
02/03/2020,1613.5,1639,1613.5,1633,164594,498119
02/04/2020,1631.7,1662.6,1627.3,1659.8,147585,503034
02/05/2020,1661.1,1685.5,1654.3,1684.8,148463,495669
02/06/2020,1684.5,1695.2,1676.8,1680.6,116240,489567
02/07/2020,1682.1,1682.5,1652.7,1658.2,150859,490282
02/10/2020,1656.3,1669.6,1646.4,1669,107171,490243
02/11/2020,1668.4,1688.5,1667.5,1678.4,134231,488247
02/12/2020,1679.6,1691.9,1677.2,1690,102544,483832
02/13/2020,1690.5,1698,1673,1696.4,132555,486024
02/14/2020,1696.6,1703.1,1681.7,1687.1,119401,487861
02/18/2020,1687.6,1693.9,1672.6,1683.2,135075,485550
02/19/2020,1684.3,1699.5,1684,1693.4,110574,485422
02/20/2020,1694.6,1698.9,1673.6,1694.4,178772,484021
02/21/2020,1693.1,1694.1,1671,1679.1,170713,485495
02/24/2020,1665.8,1666.6,1618,1624.6,269354,487403
02/25/2020,1625.7,1645.5,1566.3,1571.9,350378,489510
02/26/2020,1574.6,1591.6,1545.6,1550.4,305062,478368
02/27/2020,1547.4,1556.7,1480.3,1485.6,369979,472873
02/28/2020,1481.6,1500,1444,1474.9,420114,479504
03/02/2020,1454.5,1520.1,1446.4,1500.8,363288,482999
03/03/2020,1509.5,1548,1468.2,1479.6,308685,469720
03/04/2020,1475.2,1530.2,1470.2,1522.3,233936,463571
03/05/2020,1522.7,1523.5,1459.6,1476.6,231363,460386
03/06/2020,1479.5,1485.4,1414.4,1444.6,258651,470925
03/09/2020,1419.8,1419.8,1301.2,1314,227362,481420
03/10/2020,1303,1373.8,1283.7,1339.9,344366,498023
03/11/2020,1337.5,1340.7,1244.7,1262.7,310346,499483
03/12/2020,1257,1271,1092.1,1105.5,111693,503130
03/13/2020,1085,1211.6,1056.6,1194.2,297538,68865
03/16/2020,1170,1182.5,966.9,1026.5,407304,191721
03/17/2020,1027.3,1102.1,999.9,1085.6,344024,364547
03/18/2020,1068,1072.5,959,1003.5,277175,466963
03/19/2020,1005.3,1068.7,948.5,1039.8,327256,518579
03/20/2020,1025.5,1093.6,994.3,1015.9,260231,539399
03/23/2020,979,1063.8,958.9,998.3,253398,542775
03/24/2020,1004.2,1105.3,1004.2,1099.4,234892,542880
03/25/2020,1096.5,1145.1,1062.8,1097.1,211762,538387
03/26/2020,1099,1180.3,1068.7,1166.7,208024,536057
03/27/2020,1176.4,1176.9,1111.8,1120.3,172049,527689
03/30/2020,1095,1157.5,1086.3,1154.4,152028,527318
03/31/2020,1152.8,1166.9,1123.9,1147.6,189662,532055
04/01/2020,1136.3,1137.5,1059.2,1067.6,211549,537665
04/02/2020,1070.2,1108.2,1049.8,1081.7,193255,557795
04/03/2020,1079.2,1084.6,1029.7,1053,152067,566440
04/06/2020,1049.1,1138,1049.1,1128.7,176251,573515
04/07/2020,1125.8,1190.4,1110.9,1125.2,207881,567439
04/08/2020,1125.1,1197.3,1117.3,1182.2,181784,561600
04/09/2020,1183.7,1250.9,1167.7,1243.6,268753,552364
04/13/2020,1265,1265.6,1195.1,1211.6,156464,533862
04/14/2020,1216,1253.8,1213.5,1237,148741,535096
04/15/2020,1237.1,1237.1,1170.1,1182.9,165912,529640
04/16/2020,1177.7,1207.2,1148.5,1173.9,211011,532710
04/17/2020,1231.8,1232.3,1204.4,1224.3,164361,551413
04/20/2020,1221.1,1233.5,1190.8,1206.4,144224,550714
04/21/2020,1208,1222.6,1164.6,1185.1,174621,550956
04/22/2020,1184.4,1214,1174.3,1194.9,123844,552956
04/23/2020,1197.1,1233.1,1185.4,1204.8,154172,551461
04/24/2020,1204,1237.4,1189,1224.6,125748,544383
04/27/2020,1226.6,1289.3,1217.8,1277.5,181206,545102
04/28/2020,1277.5,1320.7,1264.8,1301.8,216540,542241
04/29/2020,1300.5,1374,1294.6,1359,234758,529772
04/30/2020,1368.5,1370.6,1297.6,1306.7,229839,523029
05/01/2020,1297.5,1297.5,1236.5,1257.9,184097,519577
05/04/2020,1236.8,1263.5,1220.1,1255.9,155707,528224
05/05/2020,1256.5,1303.7,1255.8,1268.1,167797,518204
05/06/2020,1268,1286.6,1252.8,1255.3,160604,515818
05/07/2020,1254,1289,1245.6,1285,152517,514645
05/08/2020,1284.2,1330.8,1282.5,1329,158983,518614
05/11/2020,1327.1,1341.7,1297.3,1315.1,186215,515374
05/12/2020,1314.5,1332.1,1255.1,1266.5,196159,518725
05/13/2020,1257.5,1279.5,1208.1,1229.9,289756,520643
05/14/2020,1234.5,1240.6,1174.9,1233.6,285023,536880
05/15/2020,1233.7,1259.1,1212.6,1246.4,200637,546226
05/18/2020,1254.1,1338.2,1247.5,1333.2,247395,549603
05/19/2020,1331.1,1350.7,1303.8,1307.5,187195,550256
05/20/2020,1302.7,1354.2,1297.5,1344.3,192434,547984
05/21/2020,1346.6,1355.3,1327,1342.6,171076,547948
05/22/2020,1342.2,1357.5,1315.9,1354.3,148099,552877
05/26/2020,1353.4,1410.1,1350.8,1394.3,216343,551727
05/27/2020,1394.8,1442.8,1377.4,1436.4,246632,558736
05/28/2020,1437,1453.1,1393.9,1407.2,249910,565272
05/29/2020,1405.6,1409.1,1368.2,1392.8,241820,571422
06/01/2020,1390,1421.1,1372.1,1404.5,165278,559005
06/02/2020,1404.9,1422.7,1388.7,1417.2,169605,566116
06/03/2020,1418.1,1465.2,1415.6,1448.8,193425,565490
06/04/2020,1451,1461,1427.3,1452.4,196562,567064
06/05/2020,1454.1,1527.8,1448.9,1502.7,269144,567226
06/08/2020,1506,1539.4,1501,1537,184276,569035
06/09/2020,1539.1,1540.4,1495.2,1508.1,211086,564778
06/10/2020,1507,1525.8,1460.6,1466.2,232136,567909
06/11/2020,1461.3,1461.3,1347.4,1353.7,77630,569503
06/12/2020,1355.6,1411.5,1341.8,1379.2,309601,56850
06/15/2020,1355.7,1425.5,1314.5,1418.2,389786,174884
06/16/2020,1422,1481.6,1415.2,1451.3,291721,378370
06/17/2020,1447.1,1470.9,1418.8,1424.7,200146,459790
06/18/2020,1423.2,1439.1,1399.8,1417.7,171423,503533
06/19/2020,1417.5,1451.2,1400.5,1401.9,191297,518906
06/22/2020,1392.8,1435.6,1383.4,1433.8,142904,524052
06/23/2020,1434.4,1459.5,1400.1,1434.2,143538,526015
06/24/2020,1432.9,1441.7,1368.1,1396.4,217238,520754
06/25/2020,1394.7,1413.4,1363.6,1409.8,201411,528679
06/26/2020,1407.7,1412.7,1369.5,1375.2,234609,524338
06/29/2020,1362.2,1425.5,1359.6,1423.2,238910,527283
06/30/2020,1422.4,1441.7,1406.5,1437.6,197062,535733
07/01/2020,1436,1450.8,1415.1,1424.3,223030,536221
07/02/2020,1423.7,1458.5,1417.8,1432.7,172430,529892
07/06/2020,1432.2,1466.4,1412.8,1442.7,170934,528212
07/07/2020,1442,1450,1409.4,1410.9,167547,522273
07/08/2020,1410.7,1429.6,1395.2,1423,191665,528627
07/09/2020,1427.1,1428.1,1376.1,1394,213721,519127
07/10/2020,1394.2,1423.8,1373.6,1419.6,176579,527040
07/13/2020,1423,1451.3,1396.6,1400.5,203132,522128
07/14/2020,1404,1424.6,1390.3,1419.4,245424,519810
07/15/2020,1432.2,1483.1,1431.6,1476.7,275453,511677
07/16/2020,1479.8,1485.5,1453.8,1459.9,175496,515531
07/17/2020,1464.2,1481.6,1459.5,1469.2,146337,513343
07/20/2020,1469,1473.5,1453.7,1463.7,141513,505637
07/21/2020,1462.4,1496.6,1462.3,1485.6,176438,506813
07/22/2020,1484.4,1494.3,1465.1,1490.2,139692,507617
07/23/2020,1490.1,1507.5,1472.1,1487.2,171950,505249
07/24/2020,1488,1494.7,1460.3,1462.4,163615,499320
07/27/2020,1466.4,1483,1456.2,1481.1,118401,497311
07/28/2020,1483,1488.3,1464.8,1467.4,122059,496427
07/29/2020,1470,1499.7,1463,1496.7,137444,487138
07/30/2020,1497.9,1498.9,1468.2,1490.6,170948,502848
07/31/2020,1495.8,1498.1,1451.1,1477.8,230627,499184
08/03/2020,1479.2,1504.8,1467.8,1502.2,145531,509470
08/04/2020,1502.5,1514.8,1493.7,1514,146838,510458
08/05/2020,1513.6,1544.5,1509.3,1542.1,163117,508796
08/06/2020,1542,1552.6,1534,1544.5,152803,510285
08/07/2020,1544.3,1569,1531.3,1566.2,183841,509893
08/10/2020,1568.6,1594.1,1561.5,1583.9,166548,509862
08/11/2020,1582.3,1605.7,1567.4,1577.3,215698,507394
08/12/2020,1582.6,1596.9,1570.9,1579.7,168131,503049
08/13/2020,1579.7,1591.4,1572.4,1578.5,125703,500369
08/14/2020,1578.3,1587.5,1560.9,1573.2,104491,498867
08/17/2020,1575.2,1586.5,1572,1583.9,76811,498231
08/18/2020,1583,1589.6,1563.1,1569.3,97438,500752
08/19/2020,1569.7,1586.5,1566,1569.5,113080,501784
08/20/2020,1568.1,1570.8,1551.3,1560.3,120160,503537
08/21/2020,1561.3,1569.1,1541.3,1548.6,129229,506790
08/24/2020,1552.6,1568.7,1548.6,1566.5,110594,509295
08/25/2020,1567.5,1583.9,1553.4,1569.6,127587,509415
08/26/2020,1570,1573.7,1557.2,1562.4,109201,505757
08/27/2020,1563,1575.4,1551.7,1566.1,137609,505886
08/28/2020,1568.4,1584.6,1562.6,1575.7,112601,505147
08/31/2020,1576.9,1589.8,1558.1,1561.3,160957,501915
09/01/2020,1560.3,1580.9,1549.8,1578.5,137745,501040
09/02/2020,1579.2,1595.7,1567.2,1592.5,144353,501035
09/03/2020,1591,1595.4,1534.7,1549.5,265159,498101
09/04/2020,1548.8,1570.5,1498.1,1531.4,242493,497991
09/08/2020,1532.9,1553.4,1495.3,1507.7,256962,498737
09/09/2020,1495.4,1533.4,1479.6,1524.2,186796,501114
09/10/2020,1521.1,1540.4,1500.9,1502.4,62849,491462
09/11/2020,1506.2,1519.5,1477.7,1489.3,258550,61377
09/14/2020,1495.8,1535.8,1494.9,1532.3,296206,194687
09/15/2020,1530.4,1549.1,1529.4,1536.2,226446,362286
09/16/2020,1536.5,1569.6,1532.7,1550.7,171286,457933
09/17/2020,1550.9,1554.1,1517.9,1537.7,191577,494020
09/18/2020,1536.4,1553.1,1511.5,1535.6,185928,509131
09/21/2020,1534.8,1538.5,1462.9,1482.8,238670,509497
09/22/2020,1479.6,1493.4,1465.6,1488.8,153103,513991
09/23/2020,1489.8,1500.2,1444.7,1446.7,170424,506914
09/24/2020,1447.5,1470.9,1426.2,1447,239509,503673
09/25/2020,1450.3,1474.2,1428.9,1467.2,156852,504350
09/28/2020,1468.5,1510.9,1468.5,1506.5,154283,502041
09/29/2020,1507.1,1513.9,1486.2,1507,139445,498197
09/30/2020,1504.2,1526.9,1485.8,1504.4,208840,497741
10/01/2020,1499.3,1530.3,1499.3,1527.4,186383,496921
10/02/2020,1526.3,1542.4,1490.7,1534,206303,504670
10/05/2020,1544.8,1579.9,1536.9,1576.1,146780,501095
10/06/2020,1576,1617.7,1563.1,1574.2,281945,501743
10/07/2020,1568.2,1613.4,1564.1,1609.8,193664,514179
10/08/2020,1610.3,1633.7,1609.6,1626.7,166525,523308
10/09/2020,1632.5,1644.6,1625.7,1637.7,176335,531391
10/12/2020,1636.3,1651.7,1630.6,1650.8,160053,542014
10/13/2020,1649.5,1650.5,1622.6,1634.6,170845,536789
10/14/2020,1633.2,1647.1,1616.3,1619.5,164696,539716
10/15/2020,1620.6,1639.9,1595.5,1635.4,184127,536788
10/16/2020,1638,1648.4,1626.8,1627.1,131429,542986
10/19/2020,1630.6,1648.4,1607.6,1611.3,137486,541273
10/20/2020,1619.4,1632.3,1604.7,1614.8,144404,543315
10/21/2020,1615.3,1628.6,1600.2,1603.1,152917,543377
10/22/2020,1603,1634.1,1587.7,1630.6,155884,539207
10/23/2020,1634.5,1641.7,1620.2,1635.6,114308,540599
10/26/2020,1634.7,1634.7,1580.9,1602.1,157361,538485
10/27/2020,1601.1,1611.6,1577.2,1589,143850,536534
10/28/2020,1577.6,1579.4,1537.2,1539.2,212359,539898
10/29/2020,1544.4,1565,1523,1558.4,182327,534565
10/30/2020,1542.6,1559.8,1520.3,1536.8,211751,525945
11/02/2020,1537,1568.2,1526,1564.7,162027,519548
11/03/2020,1565.1,1620.1,1564.4,1611,170266,521800
11/04/2020,1616,1640.4,1546.9,1611.6,282145,529024
11/05/2020,1617.4,1663.6,1597.9,1658.5,184572,519937
11/06/2020,1658.8,1669,1637.2,1643.1,155029,520278
11/09/2020,1651.8,1815.3,1648.3,1703.1,277769,524065
11/10/2020,1706.4,1750,1693.1,1734.2,211066,518293
11/11/2020,1735.8,1747.8,1717.1,1735.2,137312,527453
11/12/2020,1739.4,1739.4,1691.4,1707.4,181033,527897
11/13/2020,1707.3,1750,1693.2,1743.7,160748,529839
11/16/2020,1747,1793.6,1745.1,1783.9,191285,541241
11/17/2020,1784,1796.9,1751.2,1792.4,163796,551577
11/18/2020,1788.5,1807.4,1762.7,1768.3,167024,551043
11/19/2020,1765.4,1784.5,1753.8,1783,150117,549407
11/20/2020,1770,1788.1,1757.3,1783.3,125380,551196
11/23/2020,1778.5,1828.8,1776.6,1817.1,139532,548148
11/24/2020,1820.1,1863.5,1819.8,1851.5,176097,553381
11/25/2020,1853.3,1863.6,1828.1,1844.6,129363,561540
11/27/2020,1848.3,1856.2,1829.3,1853,83377,561147
11/30/2020,1855.2,1859,1811.8,1820.1,186855,556727
12/01/2020,1825.2,1850.8,1824,1835.5,171007,550217
12/02/2020,1834.8,1843.7,1816.2,1837.5,136756,551888
12/03/2020,1842.3,1860.8,1830.3,1847.2,133380,550108
12/04/2020,1850.3,1893.6,1848.1,1891.3,129767,547920
12/07/2020,1892.8,1899.4,1875.3,1892.1,118057,551504
12/08/2020,1886.6,1919.5,1875.4,1916.8,143738,546472
12/09/2020,1919.6,1937.1,1888.3,1903.5,217910,551314
12/10/2020,1903.5,1923.8,1879.7,1919.7,89478,534146
12/11/2020,1923,1927.9,1890.3,1910.1,239076,88151
12/14/2020,1919.2,1944.6,1912.7,1914.5,295111,213424
12/15/2020,1916.9,1963.8,1911.1,1959.8,252539,355866
12/16/2020,1962.4,1974.7,1943.1,1953.4,198588,458950
12/17/2020,1955,1979.4,1953.5,1976.2,172855,502699
12/18/2020,1975.2,1990.4,1959.6,1965.6,186340,516148
12/21/2020,1990,1992.2,1878.1,1966.1,239782,520069
12/22/2020,1964.1,1989,1944.9,1985,151660,525124
12/23/2020,1982.9,2008.4,1965.7,2002.9,127209,527032
12/24/2020,2004.8,2015.7,1992.7,2002.8,50997,527396
12/28/2020,1997,2032.3,1991,1995,145358,527768
12/29/2020,1996.5,2006.7,1946.6,1955.5,163400,533988
12/30/2020,1957.1,1987.4,1949.7,1976.5,122677,531928
12/31/2020,1976.1,1980.3,1958,1974.8,144363,534440
01/04/2021,1977.9,1997.6,1920.5,1945.5,226233,532515
01/05/2021,1948.3,1988,1932.9,1976.3,151399,530097
01/06/2021,1978.6,2081.4,1971,2059.3,341236,526279
01/07/2021,2061.4,2098.2,2050.2,2094.5,161588,540517
01/08/2021,2095.5,2112.5,2058.8,2089.5,185871,542390
01/11/2021,2086.2,2094.7,2055,2089.1,154431,540562
01/12/2021,2090.4,2127.1,2088.4,2125.8,146164,546039
01/13/2021,2122.9,2132.7,2104.8,2110.7,155937,552128
01/14/2021,2115,2163.7,2111.3,2153.6,185059,542615
01/15/2021,2154.7,2158.8,2095.2,2120.8,228298,550470
01/19/2021,2115.6,2150.8,2107.7,2147.3,179540,556280
01/20/2021,2144.7,2173.2,2136,2157.7,193781,555156
01/21/2021,2152,2166.1,2132.2,2138.5,162843,554429
01/22/2021,2138.8,2166.3,2112.7,2164,189385,557877
01/25/2021,2159.4,2192.4,2128.4,2161,252945,559389
01/26/2021,2160.3,2179.8,2131.2,2145.8,190626,558624
01/27/2021,2135.1,2150.6,2084.5,2104.3,269649,556437
01/28/2021,2101.7,2139.3,2075,2099.8,232102,559874
01/29/2021,2095.5,2122.2,2060.2,2068.2,240857,557376
02/01/2021,2060.8,2127.7,2028.6,2119.4,159725,559177
02/02/2021,2119.8,2152.7,2113.8,2147.5,148735,556692
02/03/2021,2147.5,2159.6,2127.7,2154.8,151573,555888
02/04/2021,2159.3,2205.8,2147.2,2199.4,152239,555959
02/05/2021,2201.6,2234.2,2197.8,2230.3,180973,561835
02/08/2021,2234,2290.3,2230.8,2285.8,165994,559679
02/09/2021,2291.3,2309.8,2276.4,2297.1,171580,567642
02/10/2021,2299,2316.9,2262.9,2281,226913,568638
02/11/2021,2282.8,2303.7,2247.6,2281.2,216728,565467
02/12/2021,2273.5,2294.4,2259.5,2286.4,143383,566288
02/16/2021,2295.1,2314.1,2261,2270.8,194239,570240
02/17/2021,2270.7,2273.5,2222.5,2255,186571,568561
02/18/2021,2256.1,2262.3,2207,2217.7,178982,565684
02/19/2021,2221.1,2276.7,2204.1,2265.3,184369,564339
02/22/2021,2264.9,2279.4,2233.6,2250.1,185473,566851
02/23/2021,2255,2268.4,2168.8,2231.2,261206,571011
02/24/2021,2232.3,2295.5,2218.3,2285.1,197920,570951
02/25/2021,2292.1,2302.7,2191.9,2200,274663,572580
02/26/2021,2196,2235.8,2160.1,2199.2,289130,572437
03/01/2021,2203.7,2280.8,2196.5,2274.8,178598,564147
03/02/2021,2279.9,2281.5,2227.1,2229.1,182382,562530
03/03/2021,2232.3,2266.8,2201.5,2205.8,223310,561433
03/04/2021,2205.4,2220,2106.3,2144.5,308094,557788
03/05/2021,2148,2194.7,2084.4,2189.7,333905,553803
03/08/2021,2201,2235.8,2161,2200.8,221028,552096
03/09/2021,2211.5,2263.6,2202.5,2245.7,174541,551345
03/10/2021,2247.4,2303.7,2234.6,2285.4,192094,539786
03/11/2021,2290.8,2334.8,2280,2332,68280,535003
03/12/2021,2335.1,2353.6,2325,2348.9,172837,65180
03/15/2021,2354.6,2366,2330.3,2355.8,310656,174968
03/16/2021,2354,2354,2302.1,2316.7,275401,345087
03/17/2021,2317.6,2339.1,2284.3,2334.4,186585,455170
03/18/2021,2331,2342.2,2256.3,2261.9,200676,484344
03/19/2021,2266.8,2296,2238.8,2279.1,201370,493978
03/22/2021,2278,2290.9,2250.2,2261.3,147238,489560
03/23/2021,2264.5,2269.5,2168.9,2180.4,219041,488778
03/24/2021,2185.5,2223,2128.1,2130.2,234457,490425
03/25/2021,2137.1,2187.9,2092.7,2178.2,294356,486958
03/26/2021,2182.3,2223,2172.3,2218.5,223011,478395
03/29/2021,2220.5,2222.6,2153.2,2155.4,216725,480019
03/30/2021,2162.4,2199.8,2143.5,2192.4,210348,478920
03/31/2021,2195.8,2237.5,2188.9,2222.5,212713,471797
04/01/2021,2215.5,2257.5,2212.2,2251.9,158437,473745
04/02/2021,2259.8,2306.4,2251.9,2251.9,0,471085
04/05/2021,2293,2298.3,2249.1,2263.1,141257,469711
04/06/2021,2265.4,2280.9,2244.9,2256,140967,473706
04/07/2021,2261.5,2264.3,2212.1,2219.2,164230,472356
04/08/2021,2225.8,2246.7,2206.7,2239.2,153766,475141
04/09/2021,2246.9,2253.3,2225.4,2239.2,143672,472977
04/12/2021,2239.2,2242.6,2217,2230.6,128340,468572
04/13/2021,2230.1,2239.6,2201.5,2224.9,171265,463078
04/14/2021,2228.2,2273.5,2220.5,2245,202720,461195
04/15/2021,2249.4,2271.7,2235.8,2255.7,158458,456883
04/16/2021,2255.9,2270.4,2243.3,2259,148578,457652
04/19/2021,2255.2,2256,2211.9,2229.3,183883,454628
04/20/2021,2229.3,2235.7,2164.6,2184,231804,453252
04/21/2021,2184.2,2239.2,2167.1,2238.4,206418,459868
04/22/2021,2231.6,2266.5,2220.2,2228.3,225957,458737
04/23/2021,2234.6,2279.9,2232.6,2269.5,182550,454101
04/26/2021,2270,2300.4,2267.5,2293.2,137277,447638
04/27/2021,2296.9,2307.2,2288.1,2297.2,148011,447120
04/28/2021,2298,2308.6,2281.7,2300.9,125963,442209
04/29/2021,2295.5,2322.7,2270.9,2293.4,190543,443248
04/30/2021,2288.8,2291.8,2254.2,2261.5,192375,448675
05/03/2021,2267.7,2291,2262.2,2273.7,144376,449509
05/04/2021,2271.5,2272.3,2222.3,2244.5,206072,450334
05/05/2021,2246,2261.1,2226.3,2236.6,167417,449292
05/06/2021,2235.4,2249.6,2198.8,2239.9,185029,445732
05/07/2021,2241.8,2272.7,2229.1,2267.9,162359,448579
05/10/2021,2268.1,2277.7,2200.1,2209.6,182600,449911
05/11/2021,2202,2216.6,2152.1,2203.3,259406,447859
05/12/2021,2199,2207.9,2124.2,2131.5,253595,450468
05/13/2021,2126.5,2186.7,2112.6,2168.6,252768,451729
05/14/2021,2171.9,2227.6,2169.2,2222.7,182809,449309
05/17/2021,2222.4,2229.4,2191,2225.5,165852,455280
05/18/2021,2227.8,2245.1,2201.4,2207.9,172402,458431
05/19/2021,2200.6,2210.3,2152.3,2192.2,197951,460191
05/20/2021,2191.8,2211.2,2170.2,2205.7,156500,451873
05/21/2021,2202.9,2236.3,2202.2,2212.3,127870,453966
05/24/2021,2210.2,2237.4,2200.5,2226.1,123164,451287
05/25/2021,2227.2,2250.2,2204.6,2205.5,140731,451770
05/26/2021,2210.4,2249.8,2208.8,2247.1,139276,450005
05/27/2021,2247.5,2279.1,2239.3,2271,160567,454358
05/28/2021,2279.2,2286.7,2263.5,2268.6,134192,456588
06/01/2021,2269.3,2298.7,2256.5,2293.9,170148,451799
06/02/2021,2295.1,2304.6,2281.2,2297,177113,454144
06/03/2021,2298,2303.3,2252.7,2277.2,200157,452216
06/04/2021,2279.1,2293.5,2266.1,2286.7,118340,452157
06/07/2021,2285.6,2320.5,2270.1,2317.4,135705,452126
06/08/2021,2319,2347.8,2308.7,2341.7,178811,456381
06/09/2021,2340.6,2350.3,2322.5,2326,139562,455741
06/10/2021,2324.3,2334.8,2300.4,2305.9,52544,452460
06/11/2021,2306.7,2331.1,2302.4,2330.5,181390,46778
06/14/2021,2332.4,2346.9,2314.7,2323.6,262484,145551
06/15/2021,2322.4,2329.7,2297.7,2315.7,219088,290372
06/16/2021,2316.5,2319.2,2287.9,2310.1,181703,372859
06/17/2021,2302.4,2314.3,2256.4,2284.5,215215,401534
06/18/2021,2286.8,2289.5,2222.1,2230.6,240088,416042
06/21/2021,2223.6,2287.3,2206.2,2280.9,169819,423794
06/22/2021,2282.9,2296.2,2258.8,2292.5,124757,415647
06/23/2021,2292.7,2312.2,2283.9,2300.3,122883,414635
06/24/2021,2302,2337.9,2301.2,2331.2,110613,419905
06/25/2021,2336.8,2346.7,2325.8,2332,153152,422695
06/28/2021,2336.7,2338.6,2299.4,2316.2,137874,422259
06/29/2021,2317.6,2328.8,2299.3,2304.6,109224,421023
06/30/2021,2305.3,2314.8,2284.7,2307.8,134813,420769
07/01/2021,2311,2330.6,2308.6,2327,136378,417564
07/02/2021,2324.4,2335.9,2297.1,2302,128860,425511
07/06/2021,2304.5,2311.8,2249.9,2269.9,154430,421532
07/07/2021,2264.7,2278.5,2229.1,2248.8,164147,419174
07/08/2021,2252.6,2253.2,2188.9,2227.3,217596,420402
07/09/2021,2224.2,2278.7,2214.1,2275.4,145396,420099
07/12/2021,2275.4,2283.4,2252.9,2277.3,112416,419364
07/13/2021,2277.3,2278.4,2233.1,2234.2,151027,418701
07/14/2021,2234.7,2254.9,2196.3,2199.3,176902,419994
07/15/2021,2199,2201.3,2159.3,2186.8,224386,425965
07/16/2021,2185,2211.3,2154.8,2158.9,183829,443179
07/19/2021,2156.2,2161.2,2100.1,2126.9,310075,446618
07/20/2021,2136.1,2202.4,2122,2192,252823,457393
07/21/2021,2191.5,2235,2184.8,2231.3,187298,450906
07/22/2021,2234.4,2240.8,2186,2194.8,187841,447132
07/23/2021,2203.3,2214.1,2179.3,2205.1,153300,452582
07/26/2021,2200.5,2231.8,2176.1,2213.4,148017,452634
07/27/2021,2212.5,2213.1,2164.1,2186.7,185690,449591
07/28/2021,2183.5,2237.6,2179.8,2220.7,182158,455502
07/29/2021,2223.6,2255.7,2215.7,2237.5,157895,453476
07/30/2021,2238,2252.2,2213.4,2221.6,164339,452409
08/02/2021,2226.5,2257,2207.5,2210.9,175613,450144
08/03/2021,2212.9,2228.9,2181.7,2219.4,173203,448161
08/04/2021,2215,2223.2,2188.6,2191.7,156662,451862
08/05/2021,2190.9,2235.8,2187.3,2232.7,142347,454009
08/06/2021,2231.5,2263.8,2227,2245.9,139643,454148
08/09/2021,2245.6,2245.6,2223.4,2232.7,106742,455362
08/10/2021,2235.8,2243.6,2223.4,2237.8,117886,454210
08/11/2021,2237.3,2250,2215.9,2248.7,148546,454155
08/12/2021,2248.9,2252.7,2228.6,2242.5,132433,449862
08/13/2021,2242.9,2244.8,2218.3,2222.2,112074,444349
08/16/2021,2217,2221.1,2187.8,2201.4,163957,442306
08/17/2021,2201,2202.1,2148.1,2174.4,249476,441858
08/18/2021,2171.6,2191.3,2143.6,2155,202092,452560
08/19/2021,2148.8,2158.7,2108.7,2129.1,276696,452124
08/20/2021,2130.9,2170.6,2109.8,2165.3,194489,461951
08/23/2021,2164.1,2210,2163,2206.6,157773,456618
08/24/2021,2209,2231.1,2207.6,2228.1,142604,452619
08/25/2021,2230,2251,2219.5,2237.3,154027,449691
08/26/2021,2238.1,2242.8,2208.8,2213.9,180074,452825
08/27/2021,2213.8,2282.1,2206.4,2275.3,198269,450245
08/30/2021,2280,2287.5,2261.5,2266.6,153822,452654
08/31/2021,2268.6,2278.1,2254.9,2271.2,169547,455012
09/01/2021,2275.2,2294.3,2260.2,2286.6,160587,450834
09/02/2021,2285.9,2310.1,2280.3,2301.1,143779,449284
09/03/2021,2303,2312.4,2283.7,2290.9,142095,448404
09/07/2021,2289.5,2302,2273.1,2275.4,165273,448209
09/08/2021,2274.3,2280.4,2237.8,2250.1,200656,446832
09/09/2021,2245,2268.9,2220.5,2246,66806,449189
09/10/2021,2245.9,2266,2221.5,2222.7,216867,58346
09/13/2021,2225,2244.4,2208.7,2236.1,300121,174556
09/14/2021,2238.4,2253.2,2196.1,2205.5,268657,307842
09/15/2021,2205.6,2233.3,2199.4,2229.8,192091,381697
09/16/2021,2229.3,2239.4,2208,2227.9,158331,419719
09/17/2021,2226.9,2235.7,2212,2228.3,226154,422879
09/20/2021,2223.1,2227.4,2146.9,2176.8,308079,421672
09/21/2021,2172.7,2208.8,2163,2180.9,205935,435766
09/22/2021,2176.7,2231.5,2167.4,2214.9,205646,431647
09/23/2021,2215.2,2262.9,2214.2,2255.2,183537,431758
09/24/2021,2255.6,2263.9,2231.4,2244,149432,431831
09/27/2021,2245.9,2290.8,2241.9,2277,182438,430273
09/28/2021,2277.1,2287.7,2221.5,2226,257847,427622
09/29/2021,2228.2,2246.5,2214.8,2221.9,208176,432390
09/30/2021,2228,2251.4,2197.7,2200.8,272406,435243
10/01/2021,2201,2248.8,2171.3,2235.6,244410,434632
10/04/2021,2239.4,2245.3,2201.5,2214.8,239675,431981
10/05/2021,2216.9,2244.1,2199.8,2223.5,173765,439847
10/06/2021,2223.2,2226.1,2180.2,2212.2,280906,445405
10/07/2021,2213.7,2263.3,2213.4,2247,172972,449831
10/08/2021,2246,2257.2,2226.8,2229.1,150802,452914
10/11/2021,2230.1,2249.2,2209.5,2216.5,128457,450686
10/12/2021,2214.4,2238.1,2193.6,2229.3,154588,451977
10/13/2021,2224.1,2241.7,2211,2238.5,169229,451401
10/14/2021,2238.9,2276.3,2238.6,2272.1,130987,452591
10/15/2021,2274.6,2298.2,2262.6,2265,154246,458520
10/18/2021,2266,2270.6,2247.7,2264.7,141240,467779
10/19/2021,2262.7,2285.7,2258.9,2272.8,123137,458974
10/20/2021,2273.9,2294.1,2264.9,2287.5,132699,457022
10/21/2021,2286.3,2304.5,2274.7,2294.1,147010,458610
10/22/2021,2294.9,2305.3,2270.8,2288.8,163377,458982
10/25/2021,2284.7,2314.6,2279.5,2310.3,143744,454958
10/26/2021,2310.7,2321.9,2290.2,2293.9,177171,456707
10/27/2021,2293.3,2296.5,2248.8,2249.5,192455,460078
10/28/2021,2254,2302.9,2249.5,2295.1,165467,459307
10/29/2021,2299.9,2302.7,2283.8,2295.3,136564,457417
11/01/2021,2301.8,2356.8,2299,2354.3,204613,453780
11/02/2021,2356,2364.6,2341.4,2359.4,178334,456792
11/03/2021,2360.1,2413.7,2354.1,2401.1,224964,454942
11/04/2021,2403,2424.8,2390.9,2400.8,185300,455333
11/05/2021,2402,2450.3,2399.2,2434.3,232560,460195
11/08/2021,2427,2460.8,2426.7,2441.8,169964,464424
11/09/2021,2436.3,2442,2410.9,2426.8,174288,466910
11/10/2021,2424,2431.4,2378.4,2389.3,188199,466488
11/11/2021,2390.2,2419.7,2384.2,2408.1,131687,467118
11/12/2021,2407.8,2418.5,2402.8,2410.3,111284,465437
11/15/2021,2413.1,2427.5,2390.8,2401,142334,466528
11/16/2021,2400.9,2409.1,2384.7,2404.8,138380,472956
11/17/2021,2402.9,2405.3,2366.4,2374.2,152834,470965
11/18/2021,2371.6,2386.3,2345.3,2364.2,186525,470599
11/19/2021,2363.9,2377.4,2328.5,2342.7,205457,476232
11/22/2021,2346.1,2372.9,2326.2,2332.2,221701,466943
11/23/2021,2336.3,2344.9,2300.9,2329.3,220497,468674
11/24/2021,2328.4,2334.9,2300.3,2331,163060,471436
11/26/2021,2332.2,2345.4,2206.3,2243.3,317265,471085
11/29/2021,2231.1,2282.3,2226,2240.2,337608,473972
11/30/2021,2244.7,2258.3,2171.8,2197.3,410588,461125
12/01/2021,2213.8,2255.9,2136.8,2146.3,373963,460087
12/02/2021,2146,2213.1,2143.5,2205.2,332772,454535
12/03/2021,2214.7,2222.5,2139.2,2159.3,317977,451965
12/06/2021,2166.4,2220.4,2149.8,2203.6,250218,459957
12/07/2021,2207.9,2274.3,2201.7,2253.9,217576,454209
12/08/2021,2262.1,2279.9,2243.9,2269.8,200531,452282
12/09/2021,2267.4,2270.6,2211.9,2215.4,93244,435826
12/10/2021,2213.4,2241.2,2192.8,2209.4,253262,61650
12/13/2021,2207.2,2224.5,2163.3,2176.5,365130,171399
12/14/2021,2180.6,2191.6,2148.5,2157.5,333136,325966
12/15/2021,2160.3,2199,2127,2195,324636,416172
12/16/2021,2196.8,2225,2137.9,2149,291041,447592
12/17/2021,2152.6,2189.7,2119,2167.6,319371,468945
12/20/2021,2169,2173.6,2102.3,2135.9,292340,469533
12/21/2021,2139.8,2204.6,2135,2199.7,206131,469636
12/22/2021,2203,2223.5,2187.5,2219.3,178647,460182
12/23/2021,2220.9,2245,2220.1,2236.9,135494,461441
12/27/2021,2238,2260.3,2222.7,2259.6,130970,460878
12/28/2021,2259.1,2275.2,2240.8,2243.8,145387,460989
12/29/2021,2247.1,2252.6,2229.8,2247.8,132269,461774
12/30/2021,2244.4,2272.3,2237.6,2246.9,122020,462185
12/31/2021,2245.9,2258.8,2231.4,2242.8,130890,462477
01/03/2022,2247.6,2284.4,2244.2,2269.4,222614,461429
01/04/2022,2268.9,2288.6,2250.8,2266.5,182380,455868
01/05/2022,2267.2,2276.4,2187.5,2190.6,248172,454853
01/06/2022,2189.3,2220.5,2173.7,2202.7,267822,464891
01/07/2022,2207.7,2219.8,2173.2,2175.9,211520,459569
01/10/2022,2172.8,2184.1,2125.9,2168,310296,464091
01/11/2022,2168.5,2194,2144.5,2190.4,200103,459377
01/12/2022,2190.2,2209.3,2161.3,2173.1,203930,457011
01/13/2022,2176.5,2197.5,2148.8,2155.5,225874,457233
01/14/2022,2157,2163.3,2120.2,2157.7,243332,459303
01/18/2022,2162.3,2168.6,2089.3,2092.1,305851,462469
01/19/2022,2095.9,2108.4,2054.2,2059.2,300309,467331
01/20/2022,2060.4,2104.3,2010.6,2021.2,296537,475049
01/21/2022,2020,2044.2,1982,1985.4,446190,479491
01/24/2022,1986.6,2038,1925.2,2031.7,528648,474757
01/25/2022,2033.3,2036,1958.9,2001.3,353264,480399
01/26/2022,1989.3,2049.9,1949.7,1972.7,372656,476993
01/27/2022,1971.4,2009.6,1918.5,1928.3,336345,476236
01/28/2022,1936.2,1966.5,1892.4,1965.6,344648,479247
01/31/2022,1960.8,2025.6,1937.8,2024.4,268330,481871
02/01/2022,2015,2049.2,1992.7,2045.9,259989,480641
02/02/2022,2041.1,2058.4,2005.7,2025,245740,475892
02/03/2022,2025,2025.6,1983,1986.4,258203,481394
02/04/2022,1998.4,2014.1,1956.8,1996.9,228646,490390
02/07/2022,1996.6,2024.3,1980,2007.3,185338,494044
02/08/2022,2010.5,2044.5,2002.5,2040.8,168056,495952
02/09/2022,2042,2080,2041.6,2079.1,182679,495549
02/10/2022,2079.4,2103.9,2034.3,2048.5,332749,497451
02/11/2022,2045.5,2074.2,2009.9,2025.7,245811,501835
02/14/2022,2028.3,2048.2,2000.5,2019.4,242885,499813
02/15/2022,2017.4,2076.6,2011.2,2074,182977,499911
02/16/2022,2072.6,2086.2,2053.8,2077.5,158623,493362
02/17/2022,2073.1,2079.6,2020.8,2025.5,183474,492631
02/18/2022,2028,2049.2,2000.4,2006.6,194777,499171
02/22/2022,1997.6,2025.9,1959.8,1979.2,296786,502655
02/23/2022,1987.1,2008.4,1937.2,1941.1,226506,507040
02/24/2022,1941.2,1997.4,1883.1,1993.5,349511,518574
02/25/2022,1984.2,2040.6,1966,2039,231214,522442
02/28/2022,2012.4,2059.2,1971.7,2044.5,340324,512297
03/01/2022,2044.5,2064.7,1990.4,2006.7,245547,507360
03/02/2022,2009.7,2066.1,1991.3,2056.1,217026,505693
03/03/2022,2051.2,2071.3,2015.4,2030.6,179884,503641
03/04/2022,2032.5,2036.4,1981.7,1999.8,207049,502030
03/07/2022,1985,2011.3,1943.3,1950.5,236105,503554
03/08/2022,1946.6,2008.1,1922.6,1960.3,292627,506928
03/09/2022,1951.4,2023.1,1951,2014.3,203898,515031
03/10/2022,2010.6,2011.5,1974.1,2007.7,73794,509334
03/11/2022,2008.4,2044.9,1973,1974.3,264035,67603
03/14/2022,1980,2002.1,1926.2,1936.7,421922,178948
03/15/2022,1940.1,1967.3,1911.8,1964.7,305330,359804
03/16/2022,1961.7,2038.1,1958.1,2028.3,299569,448429
03/17/2022,2034.9,2062.7,2012.6,2060.3,193385,477429
03/18/2022,2052.7,2086.9,2041.2,2080.2,183091,490555
03/21/2022,2082.1,2090.4,2047.9,2062.8,180248,493233
03/22/2022,2065.3,2097,2053.1,2082.3,164205,489758
03/23/2022,2083.4,2088.4,2044.2,2047.4,163386,483172
03/24/2022,2047.1,2074.4,2039.8,2070.8,143350,477950
03/25/2022,2072.6,2079.9,2057.6,2075.2,140709,473666
03/28/2022,2075.5,2077.7,2043,2074.8,155784,470593
03/29/2022,2074.9,2137.1,2071.4,2131.3,203862,475489
03/30/2022,2128.2,2131.7,2079.1,2088.5,216984,471182
03/31/2022,2089.6,2102.6,2062.8,2066.4,216810,482954
04/01/2022,2068.5,2089.9,2062.9,2088.3,185173,469636
04/04/2022,2088.5,2097,2072,2094.6,142362,463377
04/05/2022,2094.1,2107.9,2037.8,2042.9,204213,462795
04/06/2022,2045,2049.6,1999.5,2014.1,273733,470531
04/07/2022,2013.1,2026,1978.8,2006,230341,472783
04/08/2022,2004.1,2015.9,1987.1,1991.1,163486,486125
04/11/2022,1994.2,2005.4,1971.3,1977.5,200569,487814
04/12/2022,1978.8,2030.3,1966.6,1984.8,210323,483620
04/13/2022,1987.2,2027.7,1984.9,2022.4,144832,469521
04/14/2022,2020.1,2036.7,1999.8,2001.5,151457,464707
04/18/2022,2001,2004.5,1977.7,1987.7,132198,461532
04/19/2022,1994.5,2035.5,1981.2,2028.5,171187,461820
04/20/2022,2026.8,2051.8,2022.9,2036.7,161237,462656
04/21/2022,2040,2060.9,1982.3,1988.9,213501,456775
04/22/2022,1986.1,1991.7,1927.8,1938.7,229922,460620
04/25/2022,1931.5,1953,1903.5,1950.6,260518,468558
04/26/2022,1950.3,1957.6,1879.3,1889.2,278955,471848
04/27/2022,1879.7,1909.3,1873.7,1881.1,271029,484744
04/28/2022,1890.8,1925.8,1857.8,1914.9,251177,485604
04/29/2022,1905.9,1928.8,1855.7,1861.3,256719,493475
05/02/2022,1868.7,1889.3,1834.5,1879.8,274772,504522
05/03/2022,1876.8,1906.4,1867.5,1895.4,203730,496821
05/04/2022,1896.6,1951.5,1867.8,1947.2,207869,493961
05/05/2022,1943.3,1950.8,1844.1,1868.1,267011,498917
05/06/2022,1873.8,1876.4,1815.3,1836.6,295755,502628
05/09/2022,1821.6,1828,1750.8,1760.4,297897,512141
05/10/2022,1762.3,1799,1721.6,1759.9,300505,517222
05/11/2022,1758.5,1792,1712.3,1715.7,289265,524436
05/12/2022,1723,1752.7,1698.3,1737.5,305234,532989
05/13/2022,1730,1804,1730,1789.5,202827,530613
05/16/2022,1792.6,1804.5,1770.8,1782.4,168166,527260
05/17/2022,1780,1840.2,1780,1837.2,200587,531267
05/18/2022,1839.1,1841.6,1760.3,1772.8,242530,526790
05/19/2022,1772.5,1797.9,1744.5,1774.9,228233,531141
05/20/2022,1777.4,1803.8,1727.3,1772.2,238047,535202
05/23/2022,1776.1,1800.2,1764.6,1791.8,178649,536363
05/24/2022,1791.9,1791.9,1732.3,1764.4,222675,534500
05/25/2022,1769.2,1807.7,1753.4,1796.8,211052,537369
05/26/2022,1797.1,1847.8,1792.6,1836.3,178919,538645
05/27/2022,1834.7,1893.4,1830.6,1885.8,165024,541331
05/31/2022,1891.1,1908.3,1850.6,1861.9,266944,537698
06/01/2022,1864.5,1879.3,1827.5,1853,241244,539319
06/02/2022,1851.6,1898.3,1844.4,1896.9,183476,536705
06/03/2022,1896.9,1902.7,1867.7,1881.3,172122,536956
06/06/2022,1881.7,1905.7,1878,1888.7,168764,535482
06/07/2022,1889.7,1919.6,1868.1,1918.6,172056,533701
06/08/2022,1914.1,1919.1,1880.2,1889.5,182645,536710
06/09/2022,1891.6,1905.6,1848.7,1850.6,65507,535456
06/10/2022,1852.2,1856.8,1790.3,1800.6,305823,57114
06/13/2022,1795.6,1795.6,1706,1715.7,517526,174542
06/14/2022,1718.5,1741,1690.4,1708.3,369547,371363
06/15/2022,1708.7,1755,1699.7,1732.4,290815,489839
06/16/2022,1733.5,1752.8,1640.7,1651.9,348817,533168
06/17/2022,1656.5,1688.1,1649.8,1665.1,259350,553490
06/21/2022,1672,1713.8,1657.3,1693.4,218285,566365
06/22/2022,1694.4,1705.5,1658.8,1691.4,226547,569489
06/23/2022,1690,1715.2,1676.5,1711.8,205433,577842
06/24/2022,1703.5,1765,1701.8,1761.7,236722,584365
06/27/2022,1763.5,1783.7,1751.5,1769.8,216065,571207
